"latnum","longnum","start","end","severity","cause","flood"
22.73391667,89.76691667,NA,NA,NA,NA,"All Households"
22.73978333,89.77333333,NA,NA,NA,NA,"All Households"
22.74238333,89.77266667,NA,NA,NA,NA,"All Households"
22.74163333,89.7733,NA,NA,NA,NA,"All Households"
22.738,89.76706667,NA,NA,NA,NA,"All Households"
22.7095,89.75076667,NA,NA,NA,NA,"All Households"
22.74086667,89.77293333,NA,NA,NA,NA,"All Households"
22.74168333,89.77258333,NA,NA,NA,NA,"All Households"
22.74396667,89.77033333,NA,NA,NA,NA,"All Households"
22.74321667,89.76858333,NA,NA,NA,NA,"All Households"
22.74298333,89.77036667,NA,NA,NA,NA,"All Households"
22.741,89.63338333,NA,NA,NA,NA,"All Households"
22.74436667,89.63758333,NA,NA,NA,NA,"All Households"
22.74706667,89.6371,NA,NA,NA,NA,"All Households"
22.74361667,89.63758333,NA,NA,NA,NA,"All Households"
22.74348333,89.63801667,NA,NA,NA,NA,"All Households"
22.74273333,89.64106667,NA,NA,NA,NA,"All Households"
22.45783333,89.92343333,NA,NA,NA,NA,"All Households"
22.30648333,89.8495,NA,NA,NA,NA,"All Households"
22.30695,89.84923333,NA,NA,NA,NA,"All Households"
22.3005,89.8343,NA,NA,NA,NA,"All Households"
22.30773333,89.85415,NA,NA,NA,NA,"All Households"
22.31093333,89.8473,NA,NA,NA,NA,"All Households"
22.30568333,89.84646667,NA,NA,NA,NA,"All Households"
22.30513333,89.84623333,NA,NA,NA,NA,"All Households"
21.65311667,92.3016,NA,NA,NA,NA,"All Households"
21.6537,92.30441667,NA,NA,NA,NA,"All Households"
21.65183333,92.30031667,NA,NA,NA,NA,"All Households"
21.65183333,92.30035,NA,NA,NA,NA,"All Households"
21.65475,92.30371667,NA,NA,NA,NA,"All Households"
21.65396667,92.30115,NA,NA,NA,NA,"All Households"
22.08588333,90.2279,NA,NA,NA,NA,"All Households"
22.08785,90.22705,NA,NA,NA,NA,"All Households"
22.09758333,90.2238,NA,NA,NA,NA,"All Households"
22.10235,90.22041667,NA,NA,NA,NA,"All Households"
22.10411667,90.22818333,NA,NA,NA,NA,"All Households"
22.18331667,90.07926667,NA,NA,NA,NA,"All Households"
22.1853,90.08011667,NA,NA,NA,NA,"All Households"
22.1415,90.00075,NA,NA,NA,NA,"All Households"
22.1452,90.02183333,NA,NA,NA,NA,"All Households"
22.14505,90.0219,NA,NA,NA,NA,"All Households"
22.14103333,90.0203,NA,NA,NA,NA,"All Households"
22.13911667,90.02011667,NA,NA,NA,NA,"All Households"
22.13851667,90.01206667,NA,NA,NA,NA,"All Households"
22.82805,90.34495,NA,NA,NA,NA,"All Households"
22.8352,90.33946667,NA,NA,NA,NA,"All Households"
22.83346667,90.34033333,NA,NA,NA,NA,"All Households"
22.8424,90.334,NA,NA,NA,NA,"All Households"
22.83915,90.33571667,NA,NA,NA,NA,"All Households"
22.83651667,90.34235,NA,NA,NA,NA,"All Households"
22.843,90.31728333,NA,NA,NA,NA,"All Households"
22.8416,90.33505,NA,NA,NA,NA,"All Households"
22.83516667,90.33393333,NA,NA,NA,NA,"All Households"
22.51205,90.30323333,NA,NA,NA,NA,"All Households"
22.51083333,90.3064,NA,NA,NA,NA,"All Households"
22.5076,90.3095,NA,NA,NA,NA,"All Households"
22.50963333,90.30741667,NA,NA,NA,NA,"All Households"
22.51335,90.3059,NA,NA,NA,NA,"All Households"
22.5141,90.30363333,NA,NA,NA,NA,"All Households"
22.9277,90.50798333,NA,NA,NA,NA,"All Households"
22.92248333,90.5075,NA,NA,NA,NA,"All Households"
22.92438333,90.50703333,NA,NA,NA,NA,"All Households"
22.9176,90.51185,NA,NA,NA,NA,"All Households"
22.92261667,90.5081,NA,NA,NA,NA,"All Households"
22.9222,90.5092,NA,NA,NA,NA,"All Households"
22.92365,90.51156667,NA,NA,NA,NA,"All Households"
22.92365,90.51156667,NA,NA,NA,NA,"All Households"
22.919,90.5007,NA,NA,NA,NA,"All Households"
22.919,90.5007,NA,NA,NA,NA,"All Households"
22.7129,90.2802,NA,NA,NA,NA,"All Households"
22.71306667,90.27898333,NA,NA,NA,NA,"All Households"
22.71368333,90.27686667,NA,NA,NA,NA,"All Households"
22.7136,90.26758333,NA,NA,NA,NA,"All Households"
22.7123,90.27646667,NA,NA,NA,NA,"All Households"
22.71133333,90.28145,NA,NA,NA,NA,"All Households"
22.7109,90.28268333,NA,NA,NA,NA,"All Households"
22.70995,90.28423333,NA,NA,NA,NA,"All Households"
22.7067,90.2835,NA,NA,NA,NA,"All Households"
22.70483333,90.2834,NA,NA,NA,NA,"All Households"
22.97396667,90.39078333,NA,NA,NA,NA,"All Households"
22.96843333,90.39195,NA,NA,NA,NA,"All Households"
22.96978333,90.39495,NA,NA,NA,NA,"All Households"
22.97428333,90.3908,NA,NA,NA,NA,"All Households"
22.97428333,90.39068333,NA,NA,NA,NA,"All Households"
22.97206667,90.39638333,NA,NA,NA,NA,"All Households"
22.96811667,90.3936,NA,NA,NA,NA,"All Households"
22.84763333,90.2705,NA,NA,NA,NA,"All Households"
22.84951667,90.27058333,NA,NA,NA,NA,"All Households"
22.8497,90.27348333,NA,NA,NA,NA,"All Households"
22.83421667,90.26703333,NA,NA,NA,NA,"All Households"
22.83421667,90.26703333,NA,NA,NA,NA,"All Households"
22.669,90.5675,NA,NA,NA,NA,"All Households"
22.67038333,90.58011667,NA,NA,NA,NA,"All Households"
22.6699,90.58021667,NA,NA,NA,NA,"All Households"
22.669,90.58033333,NA,NA,NA,NA,"All Households"
22.67026667,90.57975,NA,NA,NA,NA,"All Households"
22.67028333,90.57973333,NA,NA,NA,NA,"All Households"
22.67201667,90.5767,NA,NA,NA,NA,"All Households"
22.67185,90.57813333,NA,NA,NA,NA,"All Households"
22.67175,90.57831667,NA,NA,NA,NA,"All Households"
22.66733333,90.56736667,NA,NA,NA,NA,"All Households"
22.672,90.57948333,NA,NA,NA,NA,"All Households"
22.07835,90.63956667,NA,NA,NA,NA,"All Households"
22.08483333,90.63388333,NA,NA,NA,NA,"All Households"
22.08593333,90.64901667,NA,NA,NA,NA,"All Households"
22.08423333,90.64886667,NA,NA,NA,NA,"All Households"
22.088,90.6472,NA,NA,NA,NA,"All Households"
22.63576667,90.6922,NA,NA,NA,NA,"All Households"
22.6345,90.68388333,NA,NA,NA,NA,"All Households"
22.6327,90.69585,NA,NA,NA,NA,"All Households"
22.6356,90.69081667,NA,NA,NA,NA,"All Households"
22.6352,90.68885,NA,NA,NA,NA,"All Households"
22.63511667,90.68923333,NA,NA,NA,NA,"All Households"
22.6319,90.69146667,NA,NA,NA,NA,"All Households"
22.62383333,90.68376667,NA,NA,NA,NA,"All Households"
22.62333333,90.68375,NA,NA,NA,NA,"All Households"
22.2713,90.98856667,NA,NA,NA,NA,"All Households"
22.27316667,90.96693333,NA,NA,NA,NA,"All Households"
22.28446667,90.97266667,NA,NA,NA,NA,"All Households"
22.27936667,90.97553333,NA,NA,NA,NA,"All Households"
22.27733333,90.97456667,NA,NA,NA,NA,"All Households"
22.27921667,90.97735,NA,NA,NA,NA,"All Households"
24.81483333,89.0378,NA,NA,NA,NA,"All Households"
24.81458333,89.03875,NA,NA,NA,NA,"All Households"
24.79096667,89.39633333,NA,NA,NA,NA,"All Households"
24.79076667,89.39545,NA,NA,NA,NA,"All Households"
24.78968333,89.39575,NA,NA,NA,NA,"All Households"
24.78916667,89.39345,NA,NA,NA,NA,"All Households"
24.78873333,89.39423333,NA,NA,NA,NA,"All Households"
24.78735,89.39263333,NA,NA,NA,NA,"All Households"
24.7515,89.5156,NA,NA,NA,NA,"All Households"
24.75161667,89.51431667,NA,NA,NA,NA,"All Households"
24.75081667,89.51633333,NA,NA,NA,NA,"All Households"
24.74986667,89.51651667,NA,NA,NA,NA,"All Households"
24.74931667,89.51526667,NA,NA,NA,NA,"All Households"
24.74886667,89.51551667,NA,NA,NA,NA,"All Households"
24.87336667,89.19091667,NA,NA,NA,NA,"All Households"
24.86916667,89.18388333,NA,NA,NA,NA,"All Households"
24.87315,89.18843333,NA,NA,NA,NA,"All Households"
24.87171667,89.1896,NA,NA,NA,NA,"All Households"
24.86878333,89.18668333,NA,NA,NA,NA,"All Households"
24.86811667,89.18741667,NA,NA,NA,NA,"All Households"
24.75431667,89.59493333,NA,NA,NA,NA,"All Households"
24.7592,89.59293333,NA,NA,NA,NA,"All Households"
24.7584,89.59851667,NA,NA,NA,NA,"All Households"
24.97533333,89.25505,NA,NA,NA,NA,"All Households"
24.97371667,89.25653333,NA,NA,NA,NA,"All Households"
24.97568333,89.2574,NA,NA,NA,NA,"All Households"
24.9743,89.25478333,NA,NA,NA,NA,"All Households"
23.82316667,90.78428333,NA,NA,NA,NA,"All Households"
23.8262,90.79581667,NA,NA,NA,NA,"All Households"
23.8262,90.79581667,NA,NA,NA,NA,"All Households"
23.8235,90.80023333,NA,NA,NA,NA,"All Households"
23.82133333,90.7841,NA,NA,NA,NA,"All Households"
23.82066667,90.78418333,NA,NA,NA,NA,"All Households"
23.82413333,90.79736667,NA,NA,NA,NA,"All Households"
23.82353333,90.79816667,NA,NA,NA,NA,"All Households"
23.82353333,90.79816667,NA,NA,NA,NA,"All Households"
23.82311667,90.79821667,NA,NA,NA,NA,"All Households"
23.825,90.79686667,NA,NA,NA,NA,"All Households"
24.02398333,91.10646667,NA,NA,NA,NA,"All Households"
24.02561667,91.10603333,NA,NA,NA,NA,"All Households"
24.0215,91.10035,NA,NA,NA,NA,"All Households"
24.02113333,91.10648333,NA,NA,NA,NA,"All Households"
24.02273333,91.10528333,NA,NA,NA,NA,"All Households"
24.01961667,91.1063,NA,NA,NA,NA,"All Households"
24.05351667,91.04961667,NA,NA,NA,NA,"All Households"
24.05355,91.0497,NA,NA,NA,NA,"All Households"
24.05355,91.0497,NA,NA,NA,NA,"All Households"
24.05376667,91.0499,NA,NA,NA,NA,"All Households"
24.05565,91.05041667,NA,NA,NA,NA,"All Households"
24.05256667,91.04788333,NA,NA,NA,NA,"All Households"
24.0515,91.0342,NA,NA,NA,NA,"All Households"
24.05366667,91.05,NA,NA,NA,NA,"All Households"
24.05595,91.05025,NA,NA,NA,NA,"All Households"
24.05541667,91.04888333,NA,NA,NA,NA,"All Households"
24.05583333,91.04955,NA,NA,NA,NA,"All Households"
24.05583333,91.04955,NA,NA,NA,NA,"All Households"
24.05033333,91.05,NA,NA,NA,NA,"All Households"
24.05033333,91.05,NA,NA,NA,NA,"All Households"
24.05615,91.05068333,NA,NA,NA,NA,"All Households"
23.82203333,90.98775,NA,NA,NA,NA,"All Households"
23.8216,90.987,NA,NA,NA,NA,"All Households"
23.82361667,90.98906667,NA,NA,NA,NA,"All Households"
23.82096667,90.98703333,NA,NA,NA,NA,"All Households"
23.82163333,90.9884,NA,NA,NA,NA,"All Households"
23.82093333,90.98718333,NA,NA,NA,NA,"All Households"
24.22858333,91.24726667,NA,NA,NA,NA,"All Households"
24.22791667,91.24691667,NA,NA,NA,NA,"All Households"
24.22858333,91.2461,NA,NA,NA,NA,"All Households"
24.22891667,91.24495,NA,NA,NA,NA,"All Households"
24.22803333,91.24436667,NA,NA,NA,NA,"All Households"
24.22803333,91.24496667,NA,NA,NA,NA,"All Households"
23.26483333,90.70213333,NA,NA,NA,NA,"All Households"
23.26456667,90.7019,NA,NA,NA,NA,"All Households"
23.26456667,90.7019,NA,NA,NA,NA,"All Households"
23.26576667,90.70138333,NA,NA,NA,NA,"All Households"
23.26558333,90.70143333,NA,NA,NA,NA,"All Households"
23.26468333,90.70136667,NA,NA,NA,NA,"All Households"
23.26473333,90.70745,NA,NA,NA,NA,"All Households"
23.26343333,90.70136667,NA,NA,NA,NA,"All Households"
23.26553333,90.70693333,NA,NA,NA,NA,"All Households"
23.26306667,90.70845,NA,NA,NA,NA,"All Households"
23.26306667,90.70845,NA,NA,NA,NA,"All Households"
23.26356667,90.70755,NA,NA,NA,NA,"All Households"
23.19505,90.70831667,NA,NA,NA,NA,"All Households"
23.19595,90.71083333,NA,NA,NA,NA,"All Households"
23.19613333,90.70998333,NA,NA,NA,NA,"All Households"
23.19776667,90.70858333,NA,NA,NA,NA,"All Households"
23.19693333,90.70931667,NA,NA,NA,NA,"All Households"
23.08696667,90.68301667,NA,NA,NA,NA,"All Households"
23.08828333,90.68473333,NA,NA,NA,NA,"All Households"
23.0892,90.6839,NA,NA,NA,NA,"All Households"
23.08683333,90.68336667,NA,NA,NA,NA,"All Households"
23.08743333,90.6855,NA,NA,NA,NA,"All Households"
23.41311667,90.7952,NA,NA,NA,NA,"All Households"
23.41236667,90.79598333,NA,NA,NA,NA,"All Households"
23.41666667,90.7966,NA,NA,NA,NA,"All Households"
23.416,90.79578333,NA,NA,NA,NA,"All Households"
23.41548333,90.79561667,NA,NA,NA,NA,"All Households"
23.40933333,90.78428333,NA,NA,NA,NA,"All Households"
23.41526667,90.79631667,NA,NA,NA,NA,"All Households"
23.409,90.7841,NA,NA,NA,NA,"All Households"
23.26933333,90.75593333,NA,NA,NA,NA,"All Households"
23.27181667,90.75785,NA,NA,NA,NA,"All Households"
23.269,90.75938333,NA,NA,NA,NA,"All Households"
23.17373333,90.94251667,NA,NA,NA,NA,"All Households"
23.17358333,90.94241667,NA,NA,NA,NA,"All Households"
23.1715,90.93388333,NA,NA,NA,NA,"All Households"
23.1754,90.94163333,NA,NA,NA,NA,"All Households"
23.17573333,90.94085,NA,NA,NA,NA,"All Households"
23.17608333,90.94056667,NA,NA,NA,NA,"All Households"
23.1671,90.93353333,NA,NA,NA,NA,"All Households"
23.17558333,90.94041667,NA,NA,NA,NA,"All Households"
23.1774,90.94118333,NA,NA,NA,NA,"All Households"
23.17693333,90.9394,NA,NA,NA,NA,"All Households"
21.95733333,91.93348333,NA,NA,NA,NA,"All Households"
21.95683333,91.92486667,NA,NA,NA,NA,"All Households"
21.95426667,91.92636667,NA,NA,NA,NA,"All Households"
21.95816667,91.92385,NA,NA,NA,NA,"All Households"
21.95675,91.92746667,NA,NA,NA,NA,"All Households"
21.95758333,91.91948333,NA,NA,NA,NA,"All Households"
21.95716667,91.92598333,NA,NA,NA,NA,"All Households"
21.95608333,91.92736667,NA,NA,NA,NA,"All Households"
21.9586,91.9247,NA,NA,NA,NA,"All Households"
21.9582,91.92151667,NA,NA,NA,NA,"All Households"
21.95778333,91.92723333,NA,NA,NA,NA,"All Households"
22.341,91.93408333,NA,NA,NA,NA,"All Households"
22.34586667,91.94681667,NA,NA,NA,NA,"All Households"
22.34586667,91.94681667,NA,NA,NA,NA,"All Households"
22.34831667,91.9452,NA,NA,NA,NA,"All Households"
22.3495,91.9413,NA,NA,NA,NA,"All Households"
22.3468,91.94475,NA,NA,NA,NA,"All Households"
22.3468,91.94475,NA,NA,NA,NA,"All Households"
22.34661667,91.94538333,NA,NA,NA,NA,"All Households"
22.65801667,91.79955,NA,NA,NA,NA,"All Households"
22.6606,91.79478333,NA,NA,NA,NA,"All Households"
22.6634,91.79506667,NA,NA,NA,NA,"All Households"
22.65078333,91.78405,NA,NA,NA,NA,"All Households"
22.65976667,91.79536667,NA,NA,NA,NA,"All Households"
22.6571,91.79433333,NA,NA,NA,NA,"All Households"
21.99608333,92.1263,NA,NA,NA,NA,"All Households"
21.99513333,92.12788333,NA,NA,NA,NA,"All Households"
21.99343333,92.126,NA,NA,NA,NA,"All Households"
21.99433333,92.12708333,NA,NA,NA,NA,"All Households"
21.99413333,92.1278,NA,NA,NA,NA,"All Households"
21.99253333,92.12475,NA,NA,NA,NA,"All Households"
21.99283333,92.12656667,NA,NA,NA,NA,"All Households"
21.99653333,92.12548333,NA,NA,NA,NA,"All Households"
21.9977,92.1265,NA,NA,NA,NA,"All Households"
22.70316667,91.58415,NA,NA,NA,NA,"All Households"
22.70286667,91.60981667,NA,NA,NA,NA,"All Households"
22.70326667,91.61031667,NA,NA,NA,NA,"All Households"
22.70153333,91.60828333,NA,NA,NA,NA,"All Households"
22.70585,91.60421667,NA,NA,NA,NA,"All Households"
22.70635,91.59815,NA,NA,NA,NA,"All Households"
22.70571667,91.59808333,NA,NA,NA,NA,"All Households"
22.52606667,92.07261667,NA,NA,NA,NA,"All Households"
22.52855,92.07295,NA,NA,NA,NA,"All Households"
22.52881667,92.07185,NA,NA,NA,NA,"All Households"
22.52618333,92.07346667,NA,NA,NA,NA,"All Households"
22.5225,92.06693333,NA,NA,NA,NA,"All Households"
22.52425,92.0749,NA,NA,NA,NA,"All Households"
22.52566667,92.07455,NA,NA,NA,NA,"All Households"
22.52775,92.07363333,NA,NA,NA,NA,"All Households"
22.5267,92.07315,NA,NA,NA,NA,"All Households"
22.52605,92.07163333,NA,NA,NA,NA,"All Households"
22.523,92.0668,NA,NA,NA,NA,"All Households"
22.51681667,91.92535,NA,NA,NA,NA,"All Households"
22.51758333,91.92526667,NA,NA,NA,NA,"All Households"
22.50983333,91.91695,NA,NA,NA,NA,"All Households"
22.51668333,91.9217,NA,NA,NA,NA,"All Households"
22.51646667,91.91871667,NA,NA,NA,NA,"All Households"
22.51876667,91.91916667,NA,NA,NA,NA,"All Households"
22.51553333,91.924,NA,NA,NA,NA,"All Households"
22.51763333,91.92386667,NA,NA,NA,NA,"All Households"
22.51763333,91.92386667,NA,NA,NA,NA,"All Households"
22.15668333,92.08926667,NA,NA,NA,NA,"All Households"
22.1535,92.0837,NA,NA,NA,NA,"All Households"
22.15036667,92.0837,NA,NA,NA,NA,"All Households"
22.15633333,92.08736667,NA,NA,NA,NA,"All Households"
22.15468333,92.0882,NA,NA,NA,NA,"All Households"
22.15661667,92.0899,NA,NA,NA,NA,"All Households"
22.15695,92.09068333,NA,NA,NA,NA,"All Households"
22.15416667,92.08376667,NA,NA,NA,NA,"All Households"
23.61295,88.92236667,NA,NA,NA,NA,"All Households"
23.61233333,88.92351667,NA,NA,NA,NA,"All Households"
23.61353333,88.92395,NA,NA,NA,NA,"All Households"
23.61073333,88.92723333,NA,NA,NA,NA,"All Households"
23.60961667,88.9304,NA,NA,NA,NA,"All Households"
23.45651667,88.82983333,NA,NA,NA,NA,"All Households"
23.454,88.81745,NA,NA,NA,NA,"All Households"
23.45706667,88.83096667,NA,NA,NA,NA,"All Households"
23.45595,88.8317,NA,NA,NA,NA,"All Households"
23.45833333,88.83318333,NA,NA,NA,NA,"All Households"
23.45825,88.83383333,NA,NA,NA,NA,"All Households"
23.46191667,88.83365,NA,NA,NA,NA,"All Households"
23.45918333,88.83245,NA,NA,NA,NA,"All Households"
23.42475,91.01878333,NA,NA,NA,NA,"All Households"
23.42375,91.0173,NA,NA,NA,NA,"All Households"
23.4236,91.0167,NA,NA,NA,NA,"All Households"
23.42398333,91.01553333,NA,NA,NA,NA,"All Households"
23.42395,91.01626667,NA,NA,NA,NA,"All Households"
23.42186667,91.01533333,NA,NA,NA,NA,"All Households"
23.41741667,91.00895,NA,NA,NA,NA,"All Households"
23.49018333,91.11685,NA,NA,NA,NA,"All Households"
23.48941667,91.11526667,NA,NA,NA,NA,"All Households"
23.48996667,91.1143,NA,NA,NA,NA,"All Households"
23.4892,91.11531667,NA,NA,NA,NA,"All Households"
23.48981667,91.11445,NA,NA,NA,NA,"All Households"
23.4913,91.11616667,NA,NA,NA,NA,"All Households"
23.05656667,91.30531667,NA,NA,NA,NA,"All Households"
23.05551667,91.30536667,NA,NA,NA,NA,"All Households"
23.05653333,91.30485,NA,NA,NA,NA,"All Households"
23.0553,91.3053,NA,NA,NA,NA,"All Households"
23.05611667,91.30448333,NA,NA,NA,NA,"All Households"
23.05568333,91.30446667,NA,NA,NA,NA,"All Households"
23.53001667,90.84106667,NA,NA,NA,NA,"All Households"
23.57928333,90.84206667,NA,NA,NA,NA,"All Households"
23.57856667,90.8427,NA,NA,NA,NA,"All Households"
23.58076667,90.83571667,NA,NA,NA,NA,"All Households"
23.58261667,90.83836667,NA,NA,NA,NA,"All Households"
23.58168333,90.83956667,NA,NA,NA,NA,"All Households"
23.5815,90.83978333,NA,NA,NA,NA,"All Households"
23.66451667,91.01505,NA,NA,NA,NA,"All Households"
23.66231667,91.01603333,NA,NA,NA,NA,"All Households"
23.663,91.01545,NA,NA,NA,NA,"All Households"
23.66308333,91.013,NA,NA,NA,NA,"All Households"
23.66696667,91.01678333,NA,NA,NA,NA,"All Households"
23.66666667,91.0167,NA,NA,NA,NA,"All Households"
23.66716667,91.01675,NA,NA,NA,NA,"All Households"
23.66171667,91.01301667,NA,NA,NA,NA,"All Households"
23.64415,90.82363333,NA,NA,NA,NA,"All Households"
23.64328333,90.82436667,NA,NA,NA,NA,"All Households"
23.64331667,90.82365,NA,NA,NA,NA,"All Households"
23.64235,90.82393333,NA,NA,NA,NA,"All Households"
23.64195,90.82248333,NA,NA,NA,NA,"All Households"
23.64401667,90.82428333,NA,NA,NA,NA,"All Households"
23.64453333,90.8246,NA,NA,NA,NA,"All Households"
23.6417,90.82263333,NA,NA,NA,NA,"All Households"
23.64173333,90.82315,NA,NA,NA,NA,"All Households"
23.64161667,90.8239,NA,NA,NA,NA,"All Households"
23.44653333,91.10501667,NA,NA,NA,NA,"All Households"
23.44436667,91.10273333,NA,NA,NA,NA,"All Households"
23.44713333,91.10278333,NA,NA,NA,NA,"All Households"
23.4529,91.13688333,NA,NA,NA,NA,"All Households"
23.44835,91.10186667,NA,NA,NA,NA,"All Households"
23.44581667,91.10388333,NA,NA,NA,NA,"All Households"
23.4405,91.10015,NA,NA,NA,NA,"All Households"
23.442,91.10028333,NA,NA,NA,NA,"All Households"
23.44543333,91.10286667,NA,NA,NA,NA,"All Households"
23.44803333,91.10201667,NA,NA,NA,NA,"All Households"
23.44688333,91.10246667,NA,NA,NA,NA,"All Households"
23.45261667,91.09986667,NA,NA,NA,NA,"All Households"
23.44811667,91.10151667,NA,NA,NA,NA,"All Households"
23.22476667,91.15251667,NA,NA,NA,NA,"All Households"
23.22498333,91.15926667,NA,NA,NA,NA,"All Households"
23.223,91.15095,NA,NA,NA,NA,"All Households"
23.22368333,91.15141667,NA,NA,NA,NA,"All Households"
23.2243,91.14885,NA,NA,NA,NA,"All Households"
23.22665,91.14758333,NA,NA,NA,NA,"All Households"
23.22565,91.14758333,NA,NA,NA,NA,"All Households"
23.74411667,91.01441667,NA,NA,NA,NA,"All Households"
23.74046667,91.01355,NA,NA,NA,NA,"All Households"
23.74713333,91.01436667,NA,NA,NA,NA,"All Households"
23.7455,91.01443333,NA,NA,NA,NA,"All Households"
23.74166667,91.00068333,NA,NA,NA,NA,"All Households"
23.74938333,90.9667,NA,NA,NA,NA,"All Households"
23.74953333,90.97033333,NA,NA,NA,NA,"All Households"
23.74918333,90.969,NA,NA,NA,NA,"All Households"
23.7471,90.96355,NA,NA,NA,NA,"All Households"
23.74646667,90.96471667,NA,NA,NA,NA,"All Households"
23.74646667,90.96466667,NA,NA,NA,NA,"All Households"
23.74896667,90.96401667,NA,NA,NA,NA,"All Households"
23.76535,90.96385,NA,NA,NA,NA,"All Households"
21.82595,92.06315,NA,NA,NA,NA,"All Households"
21.82628333,92.06346667,NA,NA,NA,NA,"All Households"
21.7535,92.06701667,NA,NA,NA,NA,"All Households"
21.8255,92.06263333,NA,NA,NA,NA,"All Households"
21.82016667,92.06195,NA,NA,NA,NA,"All Households"
21.82588333,92.06215,NA,NA,NA,NA,"All Households"
21.8261,92.06191667,NA,NA,NA,NA,"All Households"
21.53965,92.06926667,NA,NA,NA,NA,"All Households"
21.538,92.05028333,NA,NA,NA,NA,"All Households"
21.54096667,92.07088333,NA,NA,NA,NA,"All Households"
21.53861667,92.07008333,NA,NA,NA,NA,"All Households"
21.53866667,92.06893333,NA,NA,NA,NA,"All Households"
21.535,92.07403333,NA,NA,NA,NA,"All Households"
21.53405,92.07095,NA,NA,NA,NA,"All Households"
21.61445,91.91865,NA,NA,NA,NA,"All Households"
21.617,91.93335,NA,NA,NA,NA,"All Households"
21.60916667,91.9176,NA,NA,NA,NA,"All Households"
21.61458333,91.91926667,NA,NA,NA,NA,"All Households"
21.61358333,91.92185,NA,NA,NA,NA,"All Households"
21.61701667,91.91751667,NA,NA,NA,NA,"All Households"
21.61418333,91.92008333,NA,NA,NA,NA,"All Households"
21.60833333,91.91685,NA,NA,NA,NA,"All Households"
21.61481667,91.92148333,NA,NA,NA,NA,"All Households"
21.6145,91.92088333,NA,NA,NA,NA,"All Households"
21.6149,91.92005,NA,NA,NA,NA,"All Households"
21.61426667,91.92125,NA,NA,NA,NA,"All Households"
20.76208333,92.32956667,NA,NA,NA,NA,"All Households"
20.76226667,92.32883333,NA,NA,NA,NA,"All Households"
20.76236667,92.32826667,NA,NA,NA,NA,"All Households"
20.7616,92.32866667,NA,NA,NA,NA,"All Households"
20.75716667,92.3173,NA,NA,NA,NA,"All Households"
23.99756667,90.06133333,NA,NA,NA,NA,"All Households"
23.99233333,90.05073333,NA,NA,NA,NA,"All Households"
24.00223333,90.0617,NA,NA,NA,NA,"All Households"
24.00235,90.06021667,NA,NA,NA,NA,"All Households"
24.00251667,90.06023333,NA,NA,NA,NA,"All Households"
24.00101667,90.06248333,NA,NA,NA,NA,"All Households"
23.9313,90.18816667,NA,NA,NA,NA,"All Households"
23.93,90.18905,NA,NA,NA,NA,"All Households"
23.93208333,90.19041667,NA,NA,NA,NA,"All Households"
23.92955,90.19123333,NA,NA,NA,NA,"All Households"
23.93055,90.19373333,NA,NA,NA,NA,"All Households"
23.68333333,90.04813333,NA,NA,NA,NA,"All Households"
23.68298333,90.04985,NA,NA,NA,NA,"All Households"
23.68521667,90.05046667,NA,NA,NA,NA,"All Households"
23.68546667,90.04503333,NA,NA,NA,NA,"All Households"
23.68345,90.04633333,NA,NA,NA,NA,"All Households"
23.68356667,90.04593333,NA,NA,NA,NA,"All Households"
23.682,90.05066667,NA,NA,NA,NA,"All Households"
25.34276667,88.87373333,NA,NA,NA,NA,"All Households"
25.34241667,88.87346667,NA,NA,NA,NA,"All Households"
25.34143333,88.87185,NA,NA,NA,NA,"All Households"
25.34231667,88.87226667,NA,NA,NA,NA,"All Households"
25.56003333,88.56951667,NA,NA,NA,NA,"All Households"
25.55903333,88.57056667,NA,NA,NA,NA,"All Households"
25.56026667,88.57465,NA,NA,NA,NA,"All Households"
25.5578,88.57941667,NA,NA,NA,NA,"All Households"
25.56951667,88.54236667,NA,NA,NA,NA,"All Households"
25.52366667,88.77181667,NA,NA,NA,NA,"All Households"
25.52851667,88.76741667,NA,NA,NA,NA,"All Households"
25.5281,88.76833333,NA,NA,NA,NA,"All Households"
25.5253,88.76438333,NA,NA,NA,NA,"All Households"
25.52625,88.7654,NA,NA,NA,NA,"All Households"
25.52561667,88.7649,NA,NA,NA,NA,"All Households"
25.78753333,88.5588,NA,NA,NA,NA,"All Households"
25.78751667,88.55803333,NA,NA,NA,NA,"All Households"
25.78786667,88.54788333,NA,NA,NA,NA,"All Households"
25.78783333,88.54801667,NA,NA,NA,NA,"All Households"
25.78783333,88.5492,NA,NA,NA,NA,"All Households"
25.78231667,88.55661667,NA,NA,NA,NA,"All Households"
25.78168333,88.55673333,NA,NA,NA,NA,"All Households"
25.42243333,89.0729,NA,NA,NA,NA,"All Households"
25.42406667,89.07106667,NA,NA,NA,NA,"All Households"
25.4236,89.0719,NA,NA,NA,NA,"All Households"
25.42506667,89.07326667,NA,NA,NA,NA,"All Households"
25.42573333,89.07348333,NA,NA,NA,NA,"All Households"
25.42133333,89.07148333,NA,NA,NA,NA,"All Households"
23.40311667,89.95995,NA,NA,NA,NA,"All Households"
23.40368333,89.95998333,NA,NA,NA,NA,"All Households"
23.40375,89.96035,NA,NA,NA,NA,"All Households"
23.40441667,89.9599,NA,NA,NA,NA,"All Households"
23.4025,89.95058333,NA,NA,NA,NA,"All Households"
23.40496667,89.9599,NA,NA,NA,NA,"All Households"
23.40266667,89.9505,NA,NA,NA,NA,"All Households"
23.40583333,89.96003333,NA,NA,NA,NA,"All Households"
23.40623333,89.96086667,NA,NA,NA,NA,"All Households"
23.40556667,89.961,NA,NA,NA,NA,"All Households"
23.30171667,89.69795,NA,NA,NA,NA,"All Households"
23.30008333,89.70168333,NA,NA,NA,NA,"All Households"
23.3001,89.70473333,NA,NA,NA,NA,"All Households"
23.30258333,89.70285,NA,NA,NA,NA,"All Households"
23.30271667,89.70375,NA,NA,NA,NA,"All Households"
23.57215,89.74891667,NA,NA,NA,NA,"All Households"
23.57663333,89.75198333,NA,NA,NA,NA,"All Households"
23.58241667,89.7493,NA,NA,NA,NA,"All Households"
23.57558333,89.7517,NA,NA,NA,NA,"All Households"
23.58236667,89.75133333,NA,NA,NA,NA,"All Households"
23.58236667,89.75133333,NA,NA,NA,NA,"All Households"
23.58451667,89.7515,NA,NA,NA,NA,"All Households"
23.58673333,89.74936667,NA,NA,NA,NA,"All Households"
23.58466667,89.73428333,NA,NA,NA,NA,"All Households"
23.34771667,89.92131667,NA,NA,NA,NA,"All Households"
23.34696667,89.92058333,NA,NA,NA,NA,"All Households"
23.3535,89.91718333,NA,NA,NA,NA,"All Households"
23.34976667,89.92141667,NA,NA,NA,NA,"All Households"
23.35055,89.92113333,NA,NA,NA,NA,"All Households"
23.35016667,89.91693333,NA,NA,NA,NA,"All Households"
23.3505,89.91693333,NA,NA,NA,NA,"All Households"
23.352,89.9169,NA,NA,NA,NA,"All Households"
23.35043333,89.92066667,NA,NA,NA,NA,"All Households"
23.35,89.9169,NA,NA,NA,NA,"All Households"
23.3501,89.92065,NA,NA,NA,NA,"All Households"
23.35136667,89.92106667,NA,NA,NA,NA,"All Households"
23.34921667,89.91965,NA,NA,NA,NA,"All Households"
23.43356667,90.08415,NA,NA,NA,NA,"All Households"
23.43566667,90.08415,NA,NA,NA,NA,"All Households"
23.4355,90.08398333,NA,NA,NA,NA,"All Households"
23.43721667,90.09436667,NA,NA,NA,NA,"All Households"
23.43741667,90.09598333,NA,NA,NA,NA,"All Households"
23.43685,90.10016667,NA,NA,NA,NA,"All Households"
23.43696667,90.09933333,NA,NA,NA,NA,"All Households"
22.92716667,91.28771667,NA,NA,NA,NA,"All Households"
22.92931667,91.28908333,NA,NA,NA,NA,"All Households"
22.9299,91.2889,NA,NA,NA,NA,"All Households"
22.93103333,91.2895,NA,NA,NA,NA,"All Households"
22.93131667,91.28975,NA,NA,NA,NA,"All Households"
22.92815,91.28848333,NA,NA,NA,NA,"All Households"
22.92333333,91.28361667,NA,NA,NA,NA,"All Households"
22.92408333,91.28698333,NA,NA,NA,NA,"All Households"
22.92383333,91.28375,NA,NA,NA,NA,"All Households"
22.92858333,91.28948333,NA,NA,NA,NA,"All Households"
23.03705,91.33096667,NA,NA,NA,NA,"All Households"
23.035,91.31753333,NA,NA,NA,NA,"All Households"
23.00316667,91.38431667,NA,NA,NA,NA,"All Households"
23.03488333,91.32971667,NA,NA,NA,NA,"All Households"
23.03198333,91.32543333,NA,NA,NA,NA,"All Households"
23.03525,91.33081667,NA,NA,NA,NA,"All Households"
22.92903333,91.33703333,NA,NA,NA,NA,"All Households"
22.92881667,91.33408333,NA,NA,NA,NA,"All Households"
22.93023333,91.3404,NA,NA,NA,NA,"All Households"
22.93246667,91.34165,NA,NA,NA,NA,"All Households"
22.9255,91.33361667,NA,NA,NA,NA,"All Households"
25.2895,89.63375,NA,NA,NA,NA,"All Households"
25.29393333,89.64068333,NA,NA,NA,NA,"All Households"
25.29353333,89.64075,NA,NA,NA,NA,"All Households"
25.2885,89.63376667,NA,NA,NA,NA,"All Households"
25.28966667,89.63378333,NA,NA,NA,NA,"All Households"
25.18941667,89.38015,NA,NA,NA,NA,"All Households"
25.185,89.36746667,NA,NA,NA,NA,"All Households"
25.18716667,89.37651667,NA,NA,NA,NA,"All Households"
25.18861667,89.3787,NA,NA,NA,NA,"All Households"
25.18941667,89.38285,NA,NA,NA,NA,"All Households"
25.189,89.38253333,NA,NA,NA,NA,"All Households"
25.1895,89.38243333,NA,NA,NA,NA,"All Households"
25.1875,89.3676,NA,NA,NA,NA,"All Households"
25.18943333,89.38266667,NA,NA,NA,NA,"All Households"
25.32483333,89.53348333,NA,NA,NA,NA,"All Households"
25.29628333,89.44976667,NA,NA,NA,NA,"All Households"
25.29715,89.4525,NA,NA,NA,NA,"All Households"
25.29968333,89.44721667,NA,NA,NA,NA,"All Households"
25.30125,89.44746667,NA,NA,NA,NA,"All Households"
25.44173333,89.43783333,NA,NA,NA,NA,"All Households"
25.43983333,89.44135,NA,NA,NA,NA,"All Households"
25.4355,89.43393333,NA,NA,NA,NA,"All Households"
25.55576667,89.62248333,NA,NA,NA,NA,"All Households"
25.55815,89.62361667,NA,NA,NA,NA,"All Households"
25.5554,89.62338333,NA,NA,NA,NA,"All Households"
25.55895,89.62118333,NA,NA,NA,NA,"All Households"
25.55391667,89.62718333,NA,NA,NA,NA,"All Households"
25.55046667,89.61703333,NA,NA,NA,NA,"All Households"
24.0729,90.20808333,NA,NA,NA,NA,"All Households"
24.0606,90.19686667,NA,NA,NA,NA,"All Households"
24.06125,90.19861667,NA,NA,NA,NA,"All Households"
24.04626667,90.5382,NA,NA,NA,NA,"All Households"
24.04525,90.55423333,NA,NA,NA,NA,"All Households"
24.04345,90.55808333,NA,NA,NA,NA,"All Households"
24.04196667,90.55683333,NA,NA,NA,NA,"All Households"
24.04275,90.55936667,NA,NA,NA,NA,"All Households"
24.0385,90.56186667,NA,NA,NA,NA,"All Households"
24.03865,90.56241667,NA,NA,NA,NA,"All Households"
24.2265,90.50086667,NA,NA,NA,NA,"All Households"
24.232,90.5116,NA,NA,NA,NA,"All Households"
24.21755,90.50091667,NA,NA,NA,NA,"All Households"
24.23088333,90.51418333,NA,NA,NA,NA,"All Households"
24.23531667,90.51256667,NA,NA,NA,NA,"All Households"
24.2316,90.50936667,NA,NA,NA,NA,"All Households"
24.22605,90.47321667,NA,NA,NA,NA,"All Households"
24.22426667,90.47248333,NA,NA,NA,NA,"All Households"
24.22585,90.4755,NA,NA,NA,NA,"All Households"
24.227,90.47711667,NA,NA,NA,NA,"All Households"
24.227,90.47711667,NA,NA,NA,NA,"All Households"
24.22885,90.47683333,NA,NA,NA,NA,"All Households"
24.22551667,90.47946667,NA,NA,NA,NA,"All Households"
24.22638333,90.47763333,NA,NA,NA,NA,"All Households"
23.15266667,89.7841,NA,NA,NA,NA,"All Households"
23.14908333,89.80405,NA,NA,NA,NA,"All Households"
23.14705,89.80391667,NA,NA,NA,NA,"All Households"
23.14555,89.80466667,NA,NA,NA,NA,"All Households"
23.14441667,89.80471667,NA,NA,NA,NA,"All Households"
23.14505,89.8041,NA,NA,NA,NA,"All Households"
23.14375,89.80325,NA,NA,NA,NA,"All Households"
22.99943333,89.98865,NA,NA,NA,NA,"All Households"
22.99918333,89.98955,NA,NA,NA,NA,"All Households"
22.99948333,89.99248333,NA,NA,NA,NA,"All Households"
22.99845,89.99356667,NA,NA,NA,NA,"All Households"
22.9995,89.99178333,NA,NA,NA,NA,"All Households"
23.00188333,89.99711667,NA,NA,NA,NA,"All Households"
23.29453333,89.81738333,NA,NA,NA,NA,"All Households"
23.29451667,89.81741667,NA,NA,NA,NA,"All Households"
23.2895,89.80093333,NA,NA,NA,NA,"All Households"
23.29355,89.81463333,NA,NA,NA,NA,"All Households"
23.28466667,89.8167,NA,NA,NA,NA,"All Households"
23.29293333,89.8134,NA,NA,NA,NA,"All Households"
23.29478333,89.81408333,NA,NA,NA,NA,"All Households"
23.29545,89.81436667,NA,NA,NA,NA,"All Households"
24.54493333,91.24836667,NA,NA,NA,NA,"All Households"
24.54496667,91.24841667,NA,NA,NA,NA,"All Households"
24.54498333,91.2485,NA,NA,NA,NA,"All Households"
24.54495,91.24865,NA,NA,NA,NA,"All Households"
24.54471667,91.24815,NA,NA,NA,NA,"All Households"
24.54405,91.24663333,NA,NA,NA,NA,"All Households"
24.5442,91.24721667,NA,NA,NA,NA,"All Households"
24.38675,91.56451667,NA,NA,NA,NA,"All Households"
24.3867,91.56316667,NA,NA,NA,NA,"All Households"
24.3878,91.55986667,NA,NA,NA,NA,"All Households"
24.38775,91.5599,NA,NA,NA,NA,"All Households"
24.38695,91.56038333,NA,NA,NA,NA,"All Households"
24.55311667,91.43333333,NA,NA,NA,NA,"All Households"
24.55415,91.43443333,NA,NA,NA,NA,"All Households"
24.55368333,91.43335,NA,NA,NA,NA,"All Households"
24.55166667,91.43353333,NA,NA,NA,NA,"All Households"
24.55231667,91.4369,NA,NA,NA,NA,"All Households"
24.54551667,91.43488333,NA,NA,NA,NA,"All Households"
24.5513,91.43638333,NA,NA,NA,NA,"All Households"
24.25385,91.49095,NA,NA,NA,NA,"All Households"
24.25351667,91.49315,NA,NA,NA,NA,"All Households"
24.25351667,91.49315,NA,NA,NA,NA,"All Households"
24.25286667,91.49415,NA,NA,NA,NA,"All Households"
24.25306667,91.49436667,NA,NA,NA,NA,"All Households"
24.25216667,91.48393333,NA,NA,NA,NA,"All Households"
24.25233333,91.49423333,NA,NA,NA,NA,"All Households"
24.2516,91.49433333,NA,NA,NA,NA,"All Households"
24.251,91.48398333,NA,NA,NA,NA,"All Households"
24.25161667,91.49656667,NA,NA,NA,NA,"All Households"
24.26413333,91.54328333,NA,NA,NA,NA,"All Households"
24.26358333,91.5433,NA,NA,NA,NA,"All Households"
24.26415,91.54173333,NA,NA,NA,NA,"All Households"
24.25566667,91.534,NA,NA,NA,NA,"All Households"
24.26336667,91.5457,NA,NA,NA,NA,"All Households"
24.26371667,91.54441667,NA,NA,NA,NA,"All Households"
24.34753333,91.39885,NA,NA,NA,NA,"All Households"
24.252,91.48391667,NA,NA,NA,NA,"All Households"
24.34798333,91.3995,NA,NA,NA,NA,"All Households"
24.36716667,91.40093333,NA,NA,NA,NA,"All Households"
24.34768333,91.4001,NA,NA,NA,NA,"All Households"
24.34823333,91.40051667,NA,NA,NA,NA,"All Households"
24.34821667,91.40011667,NA,NA,NA,NA,"All Households"
24.34266667,91.40001667,NA,NA,NA,NA,"All Households"
24.34183333,91.41751667,NA,NA,NA,NA,"All Households"
24.3486,91.40068333,NA,NA,NA,NA,"All Households"
24.34835,91.40066667,NA,NA,NA,NA,"All Households"
24.34838333,91.39971667,NA,NA,NA,NA,"All Households"
24.25383333,91.35091667,NA,NA,NA,NA,"All Households"
24.25641667,91.36388333,NA,NA,NA,NA,"All Households"
24.25698333,91.36458333,NA,NA,NA,NA,"All Households"
24.25895,91.36478333,NA,NA,NA,NA,"All Households"
24.26115,91.36121667,NA,NA,NA,NA,"All Households"
24.26125,91.36583333,NA,NA,NA,NA,"All Households"
24.2601,91.36725,NA,NA,NA,NA,"All Households"
24.26143333,91.37018333,NA,NA,NA,NA,"All Households"
24.17913333,91.35206667,NA,NA,NA,NA,"All Households"
24.17948333,91.35366667,NA,NA,NA,NA,"All Households"
24.17656667,91.35553333,NA,NA,NA,NA,"All Households"
24.17675,91.35561667,NA,NA,NA,NA,"All Households"
24.17665,91.35485,NA,NA,NA,NA,"All Households"
24.17591667,91.35391667,NA,NA,NA,NA,"All Households"
24.1764,91.35415,NA,NA,NA,NA,"All Households"
24.17675,91.35381667,NA,NA,NA,NA,"All Households"
24.60071667,91.49276667,NA,NA,NA,NA,"All Households"
24.60078333,91.48801667,NA,NA,NA,NA,"All Households"
24.60051667,91.48796667,NA,NA,NA,NA,"All Households"
24.601,91.4866,NA,NA,NA,NA,"All Households"
24.6008,91.48498333,NA,NA,NA,NA,"All Households"
24.92905,89.05111667,NA,NA,NA,NA,"All Households"
24.93013333,89.05171667,NA,NA,NA,NA,"All Households"
24.93296667,89.0546,NA,NA,NA,NA,"All Households"
24.93353333,89.05383333,NA,NA,NA,NA,"All Households"
24.9343,89.05173333,NA,NA,NA,NA,"All Households"
24.9711,89.14991667,NA,NA,NA,NA,"All Households"
24.97141667,89.15345,NA,NA,NA,NA,"All Households"
24.9751,89.15411667,NA,NA,NA,NA,"All Households"
25.22821667,89.80915,NA,NA,NA,NA,"All Households"
25.22905,89.81015,NA,NA,NA,NA,"All Households"
25.22633333,89.81148333,NA,NA,NA,NA,"All Households"
25.09266667,89.85093333,NA,NA,NA,NA,"All Households"
25.09895,89.86638333,NA,NA,NA,NA,"All Households"
25.1,89.85096667,NA,NA,NA,NA,"All Households"
25.0985,89.86851667,NA,NA,NA,NA,"All Households"
25.10105,89.86448333,NA,NA,NA,NA,"All Households"
24.88431667,89.92238333,NA,NA,NA,NA,"All Households"
24.88523333,89.92203333,NA,NA,NA,NA,"All Households"
24.88441667,89.92203333,NA,NA,NA,NA,"All Households"
24.88388333,89.9232,NA,NA,NA,NA,"All Households"
24.80255,89.93793333,NA,NA,NA,NA,"All Households"
24.8023,89.93748333,NA,NA,NA,NA,"All Households"
24.8018,89.93461667,NA,NA,NA,NA,"All Households"
24.80381667,89.93615,NA,NA,NA,NA,"All Households"
24.95376667,89.87895,NA,NA,NA,NA,"All Households"
24.95171667,89.87833333,NA,NA,NA,NA,"All Households"
24.9508,89.87781667,NA,NA,NA,NA,"All Households"
24.95033333,89.86733333,NA,NA,NA,NA,"All Households"
24.95076667,89.8793,NA,NA,NA,NA,"All Households"
24.94958333,89.87778333,NA,NA,NA,NA,"All Households"
24.81386667,89.89508333,NA,NA,NA,NA,"All Households"
24.81476667,89.89106667,NA,NA,NA,NA,"All Households"
24.8123,89.88686667,NA,NA,NA,NA,"All Households"
24.8129,89.88421667,NA,NA,NA,NA,"All Households"
23.25898333,88.9674,NA,NA,NA,NA,"All Households"
23.25898333,88.9674,NA,NA,NA,NA,"All Households"
23.26315,88.96808333,NA,NA,NA,NA,"All Households"
23.26063333,88.96933333,NA,NA,NA,NA,"All Households"
22.92608333,89.2006,NA,NA,NA,NA,"All Households"
22.9246,89.196,NA,NA,NA,NA,"All Households"
22.92095,89.19986667,NA,NA,NA,NA,"All Households"
23.14975,89.30645,NA,NA,NA,NA,"All Households"
23.14918333,89.3054,NA,NA,NA,NA,"All Households"
23.14866667,89.30658333,NA,NA,NA,NA,"All Households"
23.14805,89.30685,NA,NA,NA,NA,"All Households"
23.14506667,89.30516667,NA,NA,NA,NA,"All Households"
23.14438333,89.3025,NA,NA,NA,NA,"All Households"
23.14455,89.30355,NA,NA,NA,NA,"All Households"
22.96968333,89.32415,NA,NA,NA,NA,"All Households"
22.96691667,89.32341667,NA,NA,NA,NA,"All Households"
22.96883333,89.31726667,NA,NA,NA,NA,"All Households"
22.9777,89.3138,NA,NA,NA,NA,"All Households"
22.97331667,89.3244,NA,NA,NA,NA,"All Households"
22.46633333,90.17228333,NA,NA,NA,NA,"All Households"
22.46781667,90.16708333,NA,NA,NA,NA,"All Households"
22.46748333,90.16591667,NA,NA,NA,NA,"All Households"
22.46166667,90.17135,NA,NA,NA,NA,"All Households"
22.4628,90.16821667,NA,NA,NA,NA,"All Households"
22.4628,90.16821667,NA,NA,NA,NA,"All Households"
22.57923333,90.16473333,NA,NA,NA,NA,"All Households"
22.58083333,90.16523333,NA,NA,NA,NA,"All Households"
22.5805,90.16596667,NA,NA,NA,NA,"All Households"
22.57956667,90.1661,NA,NA,NA,NA,"All Households"
22.58066667,90.16965,NA,NA,NA,NA,"All Households"
22.58025,90.16873333,NA,NA,NA,NA,"All Households"
22.5722,90.17546667,NA,NA,NA,NA,"All Households"
22.57683333,90.16876667,NA,NA,NA,NA,"All Households"
22.57618333,90.16865,NA,NA,NA,NA,"All Households"
23.67301667,89.06043333,NA,NA,NA,NA,"All Households"
23.66926667,89.05961667,NA,NA,NA,NA,"All Households"
23.6699,89.06003333,NA,NA,NA,NA,"All Households"
23.67213333,89.05888333,NA,NA,NA,NA,"All Households"
23.67181667,89.06056667,NA,NA,NA,NA,"All Households"
23.67173333,89.05975,NA,NA,NA,NA,"All Households"
23.43716667,89.15075,NA,NA,NA,NA,"All Households"
23.43633333,89.15001667,NA,NA,NA,NA,"All Households"
23.43848333,89.16166667,NA,NA,NA,NA,"All Households"
23.44023333,89.16263333,NA,NA,NA,NA,"All Households"
23.3001,88.75776667,NA,NA,NA,NA,"All Households"
23.29815,88.75783333,NA,NA,NA,NA,"All Households"
23.30118333,88.75971667,NA,NA,NA,NA,"All Households"
23.29723333,88.75821667,NA,NA,NA,NA,"All Households"
23.29233333,88.75091667,NA,NA,NA,NA,"All Households"
23.2875,88.76731667,NA,NA,NA,NA,"All Households"
23.30083333,88.75045,NA,NA,NA,NA,"All Households"
23.0961,91.84298333,NA,NA,NA,NA,"All Households"
23.08413333,91.83385,NA,NA,NA,NA,"All Households"
23.09571667,91.84118333,NA,NA,NA,NA,"All Households"
23.09,91.83385,NA,NA,NA,NA,"All Households"
23.0942,91.8435,NA,NA,NA,NA,"All Households"
23.09738333,91.84196667,NA,NA,NA,NA,"All Households"
22.70533333,89.50025,NA,NA,NA,NA,"All Households"
22.70935,89.5122,NA,NA,NA,NA,"All Households"
22.70583333,89.52186667,NA,NA,NA,NA,"All Households"
22.69515,89.5166,NA,NA,NA,NA,"All Households"
22.69678333,89.43196667,NA,NA,NA,NA,"All Households"
22.69563333,89.43248333,NA,NA,NA,NA,"All Households"
22.69563333,89.43248333,NA,NA,NA,NA,"All Households"
22.69825,89.43486667,NA,NA,NA,NA,"All Households"
22.70118333,89.43611667,NA,NA,NA,NA,"All Households"
22.95506667,89.46291667,NA,NA,NA,NA,"All Households"
22.95321667,89.4637,NA,NA,NA,NA,"All Households"
22.95265,89.49886667,NA,NA,NA,NA,"All Households"
22.95568333,89.46658333,NA,NA,NA,NA,"All Households"
22.95701667,89.46526667,NA,NA,NA,NA,"All Households"
22.95608333,89.46405,NA,NA,NA,NA,"All Households"
22.95583333,89.4621,NA,NA,NA,NA,"All Households"
24.2813,91.07783333,NA,NA,NA,NA,"All Households"
24.28183333,91.07455,NA,NA,NA,NA,"All Households"
24.28201667,91.07508333,NA,NA,NA,NA,"All Households"
24.2817,91.07471667,NA,NA,NA,NA,"All Households"
24.2813,91.07796667,NA,NA,NA,NA,"All Households"
24.28193333,91.07385,NA,NA,NA,NA,"All Households"
24.28083333,91.07845,NA,NA,NA,NA,"All Households"
24.2813,91.0755,NA,NA,NA,NA,"All Households"
24.28175,91.07563333,NA,NA,NA,NA,"All Households"
24.27633333,91.06725,NA,NA,NA,NA,"All Households"
24.28113333,91.07848333,NA,NA,NA,NA,"All Households"
24.10346667,90.93195,NA,NA,NA,NA,"All Households"
24.10248333,90.93363333,NA,NA,NA,NA,"All Households"
24.10328333,90.93886667,NA,NA,NA,NA,"All Households"
24.10396667,90.93666667,NA,NA,NA,NA,"All Households"
24.10436667,90.93636667,NA,NA,NA,NA,"All Households"
24.06766667,90.96693333,NA,NA,NA,NA,"All Households"
24.10363333,90.93973333,NA,NA,NA,NA,"All Households"
24.1035,90.9398,NA,NA,NA,NA,"All Households"
24.10433333,90.94438333,NA,NA,NA,NA,"All Households"
24.623,91.184,NA,NA,NA,NA,"All Households"
24.62316667,91.18398333,NA,NA,NA,NA,"All Households"
24.62976667,91.19435,NA,NA,NA,NA,"All Households"
24.6294,91.19411667,NA,NA,NA,NA,"All Households"
24.62916667,91.19393333,NA,NA,NA,NA,"All Households"
24.62916667,91.19391667,NA,NA,NA,NA,"All Households"
24.62316667,91.184,NA,NA,NA,NA,"All Households"
24.62793333,91.19526667,NA,NA,NA,NA,"All Households"
24.43386667,90.89243333,NA,NA,NA,NA,"All Households"
24.43733333,90.88358333,NA,NA,NA,NA,"All Households"
24.4406,90.88796667,NA,NA,NA,NA,"All Households"
24.43785,90.88903333,NA,NA,NA,NA,"All Households"
24.43763333,90.88915,NA,NA,NA,NA,"All Households"
24.43576667,90.8915,NA,NA,NA,NA,"All Households"
24.43515,90.89208333,NA,NA,NA,NA,"All Households"
24.44441667,90.89221667,NA,NA,NA,NA,"All Households"
24.3562,90.83725,NA,NA,NA,NA,"All Households"
24.35313333,90.83706667,NA,NA,NA,NA,"All Households"
24.35348333,90.83796667,NA,NA,NA,NA,"All Households"
24.35163333,90.83693333,NA,NA,NA,NA,"All Households"
24.35375,90.8354,NA,NA,NA,NA,"All Households"
24.35858333,90.83948333,NA,NA,NA,NA,"All Households"
24.35506667,90.83933333,NA,NA,NA,NA,"All Households"
24.1107,90.87518333,NA,NA,NA,NA,"All Households"
24.11153333,90.86696667,NA,NA,NA,NA,"All Households"
24.11156667,90.86823333,NA,NA,NA,NA,"All Households"
24.10066667,90.8668,NA,NA,NA,NA,"All Households"
24.11045,90.8712,NA,NA,NA,NA,"All Households"
24.1114,90.87093333,NA,NA,NA,NA,"All Households"
24.10995,90.8686,NA,NA,NA,NA,"All Households"
24.11068333,90.87123333,NA,NA,NA,NA,"All Households"
24.11068333,90.86828333,NA,NA,NA,NA,"All Households"
24.11156667,90.87098333,NA,NA,NA,NA,"All Households"
24.32548333,90.93868333,NA,NA,NA,NA,"All Households"
24.32585,90.93835,NA,NA,NA,NA,"All Households"
24.32595,90.93836667,NA,NA,NA,NA,"All Households"
24.32696667,90.93828333,NA,NA,NA,NA,"All Households"
24.32716667,90.93848333,NA,NA,NA,NA,"All Households"
24.32728333,90.93871667,NA,NA,NA,NA,"All Households"
24.32736667,90.93895,NA,NA,NA,NA,"All Households"
24.5025,90.88398333,NA,NA,NA,NA,"All Households"
24.5025,90.88403333,NA,NA,NA,NA,"All Households"
24.50453333,90.89481667,NA,NA,NA,NA,"All Households"
24.5032,90.89675,NA,NA,NA,NA,"All Households"
24.50361667,90.89913333,NA,NA,NA,NA,"All Households"
24.50355,90.89933333,NA,NA,NA,NA,"All Households"
24.50108333,90.90651667,NA,NA,NA,NA,"All Households"
24.50056667,90.90695,NA,NA,NA,NA,"All Households"
24.50156667,90.90636667,NA,NA,NA,NA,"All Households"
25.4555,89.7173,NA,NA,NA,NA,"All Households"
25.47,89.7838,NA,NA,NA,NA,"All Households"
25.46983333,89.78381667,NA,NA,NA,NA,"All Households"
25.43983333,89.717,NA,NA,NA,NA,"All Households"
25.45733333,89.71745,NA,NA,NA,NA,"All Households"
25.97696667,89.77591667,NA,NA,NA,NA,"All Households"
25.97696667,89.7763,NA,NA,NA,NA,"All Households"
25.97705,89.7761,NA,NA,NA,NA,"All Households"
25.97401667,89.77691667,NA,NA,NA,NA,"All Households"
25.97566667,89.76698333,NA,NA,NA,NA,"All Households"
25.97266667,89.76725,NA,NA,NA,NA,"All Households"
25.97561667,89.77668333,NA,NA,NA,NA,"All Households"
25.97558333,89.77721667,NA,NA,NA,NA,"All Households"
25.97936667,89.77658333,NA,NA,NA,NA,"All Households"
25.97905,89.77678333,NA,NA,NA,NA,"All Households"
25.97871667,89.77673333,NA,NA,NA,NA,"All Households"
25.64368333,89.79363333,NA,NA,NA,NA,"All Households"
25.641,89.79473333,NA,NA,NA,NA,"All Households"
25.64043333,89.7952,NA,NA,NA,NA,"All Households"
25.6422,89.79066667,NA,NA,NA,NA,"All Households"
25.64233333,89.78936667,NA,NA,NA,NA,"All Households"
25.64171667,89.791,NA,NA,NA,NA,"All Households"
25.64368333,89.7891,NA,NA,NA,NA,"All Households"
25.63983333,89.79175,NA,NA,NA,NA,"All Households"
25.64283333,89.78426667,NA,NA,NA,NA,"All Households"
25.6413,89.78995,NA,NA,NA,NA,"All Households"
25.67475,89.556,NA,NA,NA,NA,"All Households"
25.67403333,89.55508333,NA,NA,NA,NA,"All Households"
25.67325,89.55518333,NA,NA,NA,NA,"All Households"
25.6776,89.56045,NA,NA,NA,NA,"All Households"
25.67366667,89.55058333,NA,NA,NA,NA,"All Households"
25.67731667,89.55891667,NA,NA,NA,NA,"All Households"
25.67663333,89.55806667,NA,NA,NA,NA,"All Households"
24.01198333,88.81431667,NA,NA,NA,NA,"All Households"
24.0106,88.8135,NA,NA,NA,NA,"All Households"
24.00718333,88.7965,NA,NA,NA,NA,"All Households"
23.81091667,89.18763333,NA,NA,NA,NA,"All Households"
23.81193333,89.1888,NA,NA,NA,NA,"All Households"
23.80995,89.192,NA,NA,NA,NA,"All Households"
23.81123333,89.18913333,NA,NA,NA,NA,"All Households"
23.80713333,89.19111667,NA,NA,NA,NA,"All Households"
23.80835,89.19345,NA,NA,NA,NA,"All Households"
23.80855,89.1909,NA,NA,NA,NA,"All Households"
23.80233333,89.18376667,NA,NA,NA,NA,"All Households"
23.85375,89.0972,NA,NA,NA,NA,"All Households"
23.85235,89.09905,NA,NA,NA,NA,"All Households"
23.85183333,89.09498333,NA,NA,NA,NA,"All Households"
23.85048333,89.09585,NA,NA,NA,NA,"All Households"
23.85505,89.09795,NA,NA,NA,NA,"All Households"
23.87133333,89.067,NA,NA,NA,NA,"All Households"
23.85566667,89.097,NA,NA,NA,NA,"All Households"
23.85386667,89.09425,NA,NA,NA,NA,"All Households"
22.94886667,90.78386667,NA,NA,NA,NA,"All Households"
22.94895,90.78356667,NA,NA,NA,NA,"All Households"
22.95261667,90.78473333,NA,NA,NA,NA,"All Households"
22.949,90.78225,NA,NA,NA,NA,"All Households"
22.95148333,90.78328333,NA,NA,NA,NA,"All Households"
23.0179,90.79616667,NA,NA,NA,NA,"All Households"
23.011,90.7977,NA,NA,NA,NA,"All Households"
23.0158,90.78535,NA,NA,NA,NA,"All Households"
23.01591667,90.79991667,NA,NA,NA,NA,"All Households"
23.00683333,90.7837,NA,NA,NA,NA,"All Households"
23.01093333,90.79898333,NA,NA,NA,NA,"All Households"
23.0147,90.79588333,NA,NA,NA,NA,"All Households"
23.01588333,90.79655,NA,NA,NA,NA,"All Households"
23.0478,90.88821667,NA,NA,NA,NA,"All Households"
23.0477,90.88691667,NA,NA,NA,NA,"All Households"
23.05115,90.88795,NA,NA,NA,NA,"All Households"
23.0503,90.88768333,NA,NA,NA,NA,"All Households"
23.04956667,90.88765,NA,NA,NA,NA,"All Households"
23.05076667,90.88766667,NA,NA,NA,NA,"All Households"
23.05478333,90.88943333,NA,NA,NA,NA,"All Households"
23.05481667,90.88815,NA,NA,NA,NA,"All Households"
22.65248333,90.94991667,NA,NA,NA,NA,"All Households"
22.65066667,90.95303333,NA,NA,NA,NA,"All Households"
22.65398333,90.953,NA,NA,NA,NA,"All Households"
22.65403333,90.9524,NA,NA,NA,NA,"All Households"
22.63431667,90.95011667,NA,NA,NA,NA,"All Households"
22.65928333,90.95755,NA,NA,NA,NA,"All Households"
22.65966667,90.95613333,NA,NA,NA,NA,"All Households"
22.65915,90.95661667,NA,NA,NA,NA,"All Households"
22.65375,90.95693333,NA,NA,NA,NA,"All Households"
22.65251667,90.94855,NA,NA,NA,NA,"All Households"
22.65883333,90.95055,NA,NA,NA,NA,"All Households"
22.65641667,90.95223333,NA,NA,NA,NA,"All Households"
22.6944,90.95283333,NA,NA,NA,NA,"All Households"
22.65641667,90.95066667,NA,NA,NA,NA,"All Households"
25.98171667,89.31881667,NA,NA,NA,NA,"All Households"
25.9817,89.32098333,NA,NA,NA,NA,"All Households"
25.98418333,89.31556667,NA,NA,NA,NA,"All Households"
25.98885,89.30611667,NA,NA,NA,NA,"All Households"
25.98458333,89.32285,NA,NA,NA,NA,"All Households"
26.31625,89.10441667,NA,NA,NA,NA,"All Households"
26.31658333,89.10551667,NA,NA,NA,NA,"All Households"
26.32405,89.09471667,NA,NA,NA,NA,"All Households"
26.32405,89.09471667,NA,NA,NA,NA,"All Households"
26.32311667,89.09908333,NA,NA,NA,NA,"All Households"
26.32308333,89.09893333,NA,NA,NA,NA,"All Households"
26.32063333,89.10496667,NA,NA,NA,NA,"All Households"
26.32111667,89.10811667,NA,NA,NA,NA,"All Households"
23.07558333,90.29046667,NA,NA,NA,NA,"All Households"
23.07563333,90.29256667,NA,NA,NA,NA,"All Households"
23.0752,90.29251667,NA,NA,NA,NA,"All Households"
23.0737,90.2913,NA,NA,NA,NA,"All Households"
23.06733333,90.28338333,NA,NA,NA,NA,"All Households"
23.05866667,90.28336667,NA,NA,NA,NA,"All Households"
23.06223333,90.28236667,NA,NA,NA,NA,"All Households"
23.19876667,90.09623333,NA,NA,NA,NA,"All Households"
23.19926667,90.09613333,NA,NA,NA,NA,"All Households"
23.19958333,90.0962,NA,NA,NA,NA,"All Households"
23.1996,90.09641667,NA,NA,NA,NA,"All Households"
23.20126667,90.09635,NA,NA,NA,NA,"All Households"
23.20178333,90.0964,NA,NA,NA,NA,"All Households"
23.37565,90.27715,NA,NA,NA,NA,"All Households"
23.37348333,90.22985,NA,NA,NA,NA,"All Households"
23.37541667,90.2293,NA,NA,NA,NA,"All Households"
23.377,90.23056667,NA,NA,NA,NA,"All Households"
23.37988333,90.22995,NA,NA,NA,NA,"All Households"
23.52991667,89.44658333,NA,NA,NA,NA,"All Households"
23.53098333,89.44445,NA,NA,NA,NA,"All Households"
23.53185,89.44168333,NA,NA,NA,NA,"All Households"
23.53108333,89.44383333,NA,NA,NA,NA,"All Households"
23.30158333,89.47848333,NA,NA,NA,NA,"All Households"
23.29968333,89.47671667,NA,NA,NA,NA,"All Households"
23.29996667,89.47486667,NA,NA,NA,NA,"All Households"
23.30058333,89.47773333,NA,NA,NA,NA,"All Households"
23.30223333,89.477,NA,NA,NA,NA,"All Households"
23.91763333,89.81315,NA,NA,NA,NA,"All Households"
23.91653333,89.81551667,NA,NA,NA,NA,"All Households"
23.90095,89.80098333,NA,NA,NA,NA,"All Households"
23.9152,89.81733333,NA,NA,NA,NA,"All Households"
23.91435,89.81706667,NA,NA,NA,NA,"All Households"
23.90895,89.81408333,NA,NA,NA,NA,"All Households"
23.6644,89.94303333,NA,NA,NA,NA,"All Households"
23.6507,89.9339,NA,NA,NA,NA,"All Households"
23.65018333,89.91678333,NA,NA,NA,NA,"All Households"
23.66398333,89.93838333,NA,NA,NA,NA,"All Households"
23.65965,89.93681667,NA,NA,NA,NA,"All Households"
23.63403333,89.91763333,NA,NA,NA,NA,"All Households"
23.65868333,89.93628333,NA,NA,NA,NA,"All Households"
23.91448333,90.06188333,NA,NA,NA,NA,"All Households"
23.91448333,90.0617,NA,NA,NA,NA,"All Households"
23.91331667,90.06258333,NA,NA,NA,NA,"All Households"
23.91388333,90.06226667,NA,NA,NA,NA,"All Households"
23.9144,90.06068333,NA,NA,NA,NA,"All Households"
23.9085,90.05073333,NA,NA,NA,NA,"All Households"
23.7616,90.2366,NA,NA,NA,NA,"All Households"
23.71166667,90.23703333,NA,NA,NA,NA,"All Households"
23.71338333,90.23593333,NA,NA,NA,NA,"All Households"
23.71226667,90.22085,NA,NA,NA,NA,"All Households"
23.70073333,90.23351667,NA,NA,NA,NA,"All Households"
23.71621667,90.23011667,NA,NA,NA,NA,"All Households"
23.71608333,90.23076667,NA,NA,NA,NA,"All Households"
23.71605,90.23068333,NA,NA,NA,NA,"All Households"
23.70071667,90.23358333,NA,NA,NA,NA,"All Households"
23.71578333,90.23103333,NA,NA,NA,NA,"All Households"
23.84866667,88.72886667,NA,NA,NA,NA,"All Households"
23.84763333,88.73011667,NA,NA,NA,NA,"All Households"
23.84613333,88.73315,NA,NA,NA,NA,"All Households"
23.84516667,88.73486667,NA,NA,NA,NA,"All Households"
23.84621667,88.733,NA,NA,NA,NA,"All Households"
23.84661667,88.73236667,NA,NA,NA,NA,"All Households"
24.72235,92.122,NA,NA,NA,NA,"All Households"
24.72236667,92.12203333,NA,NA,NA,NA,"All Households"
24.72283333,92.12508333,NA,NA,NA,NA,"All Households"
24.72225,92.12695,NA,NA,NA,NA,"All Households"
24.72186667,92.12528333,NA,NA,NA,NA,"All Households"
24.72313333,92.12028333,NA,NA,NA,NA,"All Households"
24.20965,91.86601667,NA,NA,NA,NA,"All Households"
24.20886667,91.86511667,NA,NA,NA,NA,"All Households"
24.21583333,91.86191667,NA,NA,NA,NA,"All Households"
24.20911667,91.86635,NA,NA,NA,NA,"All Households"
24.2082,91.86655,NA,NA,NA,NA,"All Households"
24.64315,91.99103333,NA,NA,NA,NA,"All Households"
24.64156667,91.99508333,NA,NA,NA,NA,"All Households"
24.64315,91.99103333,NA,NA,NA,NA,"All Households"
24.64355,91.99085,NA,NA,NA,NA,"All Households"
24.64211667,91.99441667,NA,NA,NA,NA,"All Households"
24.64211667,91.99441667,NA,NA,NA,NA,"All Households"
24.63866667,91.99088333,NA,NA,NA,NA,"All Households"
24.63866667,91.99088333,NA,NA,NA,NA,"All Households"
24.63911667,91.99223333,NA,NA,NA,NA,"All Households"
24.64143333,91.99441667,NA,NA,NA,NA,"All Households"
24.42733333,92.01921667,NA,NA,NA,NA,"All Households"
24.42743333,92.0171,NA,NA,NA,NA,"All Households"
24.42745,92.01711667,NA,NA,NA,NA,"All Households"
24.4284,92.02528333,NA,NA,NA,NA,"All Households"
24.4284,92.02528333,NA,NA,NA,NA,"All Households"
24.42995,92.0249,NA,NA,NA,NA,"All Households"
24.4315,92.02316667,NA,NA,NA,NA,"All Households"
24.43173333,92.018,NA,NA,NA,NA,"All Households"
24.4312,92.0192,NA,NA,NA,NA,"All Households"
24.43155,92.01625,NA,NA,NA,NA,"All Households"
24.42663333,92.01821667,NA,NA,NA,NA,"All Households"
24.42326667,92.01715,NA,NA,NA,NA,"All Households"
24.54046667,91.83365,NA,NA,NA,NA,"All Households"
24.47235,91.80148333,NA,NA,NA,NA,"All Households"
24.47225,91.80025,NA,NA,NA,NA,"All Households"
24.47526667,91.79551667,NA,NA,NA,NA,"All Households"
24.4766,91.82736667,NA,NA,NA,NA,"All Households"
24.48303333,91.86536667,NA,NA,NA,NA,"All Households"
24.48483333,91.86621667,NA,NA,NA,NA,"All Households"
24.48411667,91.86815,NA,NA,NA,NA,"All Households"
24.4854,91.86763333,NA,NA,NA,NA,"All Households"
24.54048333,91.88366667,NA,NA,NA,NA,"All Households"
24.4854,91.86986667,NA,NA,NA,NA,"All Households"
24.48528333,91.8703,NA,NA,NA,NA,"All Households"
24.4844,91.8749,NA,NA,NA,NA,"All Households"
24.4841,91.86683333,NA,NA,NA,NA,"All Households"
24.48528333,91.8703,NA,NA,NA,NA,"All Households"
24.28305,91.72938333,NA,NA,NA,NA,"All Households"
24.28305,91.72938333,NA,NA,NA,NA,"All Households"
24.28638333,91.73003333,NA,NA,NA,NA,"All Households"
24.28608333,91.73001667,NA,NA,NA,NA,"All Households"
24.28248333,91.72918333,NA,NA,NA,NA,"All Households"
24.28553333,91.73091667,NA,NA,NA,NA,"All Households"
24.28458333,91.73041667,NA,NA,NA,NA,"All Households"
24.28515,91.73013333,NA,NA,NA,NA,"All Households"
24.2751,91.6711,NA,NA,NA,NA,"All Households"
24.27075,91.67191667,NA,NA,NA,NA,"All Households"
24.27241667,91.6708,NA,NA,NA,NA,"All Households"
24.27205,91.67078333,NA,NA,NA,NA,"All Households"
24.27591667,91.67166667,NA,NA,NA,NA,"All Households"
24.27501667,91.67103333,NA,NA,NA,NA,"All Households"
24.27571667,91.67225,NA,NA,NA,NA,"All Households"
24.27571667,91.67225,NA,NA,NA,NA,"All Households"
23.57178333,90.62845,NA,NA,NA,NA,"All Households"
23.573,90.62868333,NA,NA,NA,NA,"All Households"
23.573,90.63393333,NA,NA,NA,NA,"All Households"
23.573,90.63393333,NA,NA,NA,NA,"All Households"
23.57253333,90.63231667,NA,NA,NA,NA,"All Households"
23.5721,90.63211667,NA,NA,NA,NA,"All Households"
23.5714,90.63208333,NA,NA,NA,NA,"All Households"
23.55111667,90.51221667,NA,NA,NA,NA,"All Households"
23.5506,90.51236667,NA,NA,NA,NA,"All Households"
23.5499,90.51353333,NA,NA,NA,NA,"All Households"
23.54818333,90.51356667,NA,NA,NA,NA,"All Households"
23.5444,90.18208333,NA,NA,NA,NA,"All Households"
23.5852,90.1527,NA,NA,NA,NA,"All Households"
23.5448,90.18201667,NA,NA,NA,NA,"All Households"
23.5448,90.18201667,NA,NA,NA,NA,"All Households"
23.5456,90.18188333,NA,NA,NA,NA,"All Households"
23.54595,90.18253333,NA,NA,NA,NA,"All Households"
23.54623333,90.1819,NA,NA,NA,NA,"All Households"
23.54661667,90.1817,NA,NA,NA,NA,"All Households"
23.5463,90.182,NA,NA,NA,NA,"All Households"
23.44528333,90.46206667,NA,NA,NA,NA,"All Households"
24.46396667,90.33521667,NA,NA,NA,NA,"All Households"
24.4668,90.33196667,NA,NA,NA,NA,"All Households"
24.46388333,90.33516667,NA,NA,NA,NA,"All Households"
24.46445,90.32908333,NA,NA,NA,NA,"All Households"
24.47155,90.32983333,NA,NA,NA,NA,"All Households"
24.47,90.32921667,NA,NA,NA,NA,"All Households"
24.46816667,90.3173,NA,NA,NA,NA,"All Households"
24.46955,90.3275,NA,NA,NA,NA,"All Households"
24.59808333,90.26201667,NA,NA,NA,NA,"All Households"
24.60445,90.26203333,NA,NA,NA,NA,"All Households"
24.6006,90.26196667,NA,NA,NA,NA,"All Households"
24.6043,90.26061667,NA,NA,NA,NA,"All Households"
24.60721667,90.2561,NA,NA,NA,NA,"All Households"
24.60776667,90.25713333,NA,NA,NA,NA,"All Households"
24.5808,90.33245,NA,NA,NA,NA,"All Households"
24.58126667,90.33201667,NA,NA,NA,NA,"All Households"
24.57081667,90.33236667,NA,NA,NA,NA,"All Households"
24.5729,90.33646667,NA,NA,NA,NA,"All Households"
24.3867,90.62883333,NA,NA,NA,NA,"All Households"
24.38328333,90.62328333,NA,NA,NA,NA,"All Households"
24.38446667,90.62861667,NA,NA,NA,NA,"All Households"
24.79766667,90.69728333,NA,NA,NA,NA,"All Households"
24.7974,90.69778333,NA,NA,NA,NA,"All Households"
24.79083333,90.68411667,NA,NA,NA,NA,"All Households"
24.79535,90.69576667,NA,NA,NA,NA,"All Households"
24.79616667,90.69481667,NA,NA,NA,NA,"All Households"
24.79706667,90.69608333,NA,NA,NA,NA,"All Households"
24.79523333,90.70006667,NA,NA,NA,NA,"All Households"
24.79463333,90.70073333,NA,NA,NA,NA,"All Households"
24.79476667,90.70553333,NA,NA,NA,NA,"All Households"
24.79678333,90.706,NA,NA,NA,NA,"All Households"
25.07426667,90.2911,NA,NA,NA,NA,"All Households"
25.07211667,90.28735,NA,NA,NA,NA,"All Households"
25.06588333,90.28955,NA,NA,NA,NA,"All Households"
25.07175,90.29193333,NA,NA,NA,NA,"All Households"
25.0735,90.28711667,NA,NA,NA,NA,"All Households"
25.0703,90.28888333,NA,NA,NA,NA,"All Households"
25.07085,90.28721667,NA,NA,NA,NA,"All Households"
24.71501667,90.64015,NA,NA,NA,NA,"All Households"
24.7157,90.64071667,NA,NA,NA,NA,"All Households"
24.71416667,90.63866667,NA,NA,NA,NA,"All Households"
24.7137,90.64143333,NA,NA,NA,NA,"All Households"
24.71103333,90.63358333,NA,NA,NA,NA,"All Households"
24.71888333,90.6383,NA,NA,NA,NA,"All Households"
24.74283333,90.35063333,NA,NA,NA,NA,"All Households"
24.75038333,90.36193333,NA,NA,NA,NA,"All Households"
24.75168333,90.35861667,NA,NA,NA,NA,"All Households"
24.75153333,90.35835,NA,NA,NA,NA,"All Households"
24.75166667,90.35861667,NA,NA,NA,NA,"All Households"
24.75298333,90.35335,NA,NA,NA,NA,"All Households"
24.75298333,90.35335,NA,NA,NA,NA,"All Households"
24.75291667,90.35306667,NA,NA,NA,NA,"All Households"
24.75285,90.3577,NA,NA,NA,NA,"All Households"
24.75253333,90.357,NA,NA,NA,NA,"All Households"
24.6718,90.18235,NA,NA,NA,NA,"All Households"
24.66591667,90.17876667,NA,NA,NA,NA,"All Households"
24.66715,90.1801,NA,NA,NA,NA,"All Households"
24.66746667,90.17781667,NA,NA,NA,NA,"All Households"
24.66793333,90.17646667,NA,NA,NA,NA,"All Households"
24.66498333,90.17585,NA,NA,NA,NA,"All Households"
24.66973333,90.18218333,NA,NA,NA,NA,"All Households"
24.56295,90.57186667,NA,NA,NA,NA,"All Households"
24.56213333,90.56925,NA,NA,NA,NA,"All Households"
24.55698333,90.57595,NA,NA,NA,NA,"All Households"
24.55971667,90.57665,NA,NA,NA,NA,"All Households"
24.96666667,90.45071667,NA,NA,NA,NA,"All Households"
24.96946667,90.46168333,NA,NA,NA,NA,"All Households"
24.96968333,90.46378333,NA,NA,NA,NA,"All Households"
24.97386667,90.46453333,NA,NA,NA,NA,"All Households"
24.98061667,90.35643333,NA,NA,NA,NA,"All Households"
24.98146667,90.35513333,NA,NA,NA,NA,"All Households"
24.98076667,90.35351667,NA,NA,NA,NA,"All Households"
24.97936667,90.35435,NA,NA,NA,NA,"All Households"
24.9755,90.35058333,NA,NA,NA,NA,"All Households"
24.98218333,90.35908333,NA,NA,NA,NA,"All Households"
24.98256667,90.35905,NA,NA,NA,NA,"All Households"
24.64645,90.3616,NA,NA,NA,NA,"All Households"
24.64241667,90.3604,NA,NA,NA,NA,"All Households"
24.64926667,90.35921667,NA,NA,NA,NA,"All Households"
24.64823333,90.35861667,NA,NA,NA,NA,"All Households"
24.64836667,90.35746667,NA,NA,NA,NA,"All Households"
24.67683333,88.95575,NA,NA,NA,NA,"All Households"
24.67621667,88.95581667,NA,NA,NA,NA,"All Households"
24.67481667,88.9562,NA,NA,NA,NA,"All Households"
24.67465,88.95653333,NA,NA,NA,NA,"All Households"
24.67531667,88.95705,NA,NA,NA,NA,"All Households"
24.67531667,88.95705,NA,NA,NA,NA,"All Households"
24.68993333,88.83906667,NA,NA,NA,NA,"All Households"
24.69105,88.8404,NA,NA,NA,NA,"All Households"
24.68993333,88.84221667,NA,NA,NA,NA,"All Households"
24.90883333,88.7506,NA,NA,NA,NA,"All Households"
24.91721667,88.75941667,NA,NA,NA,NA,"All Households"
24.9155,88.75836667,NA,NA,NA,NA,"All Households"
24.9155,88.75836667,NA,NA,NA,NA,"All Households"
24.91488333,88.75731667,NA,NA,NA,NA,"All Households"
24.79758333,88.50988333,NA,NA,NA,NA,"All Households"
24.79711667,88.50918333,NA,NA,NA,NA,"All Households"
24.79016667,88.50058333,NA,NA,NA,NA,"All Households"
24.7945,88.50963333,NA,NA,NA,NA,"All Households"
24.79488333,88.50998333,NA,NA,NA,NA,"All Households"
24.72216667,88.93695,NA,NA,NA,NA,"All Households"
24.72268333,88.93776667,NA,NA,NA,NA,"All Households"
24.72311667,88.93791667,NA,NA,NA,NA,"All Households"
24.72568333,88.9381,NA,NA,NA,NA,"All Households"
24.72801667,88.93756667,NA,NA,NA,NA,"All Households"
24.7235,88.93361667,NA,NA,NA,NA,"All Households"
23.02626667,89.71896667,NA,NA,NA,NA,"All Households"
23.029,89.71628333,NA,NA,NA,NA,"All Households"
23.02428333,89.72246667,NA,NA,NA,NA,"All Households"
23.02541667,89.7207,NA,NA,NA,NA,"All Households"
23.0249,89.71946667,NA,NA,NA,NA,"All Households"
23.02266667,89.71918333,NA,NA,NA,NA,"All Households"
23.20831667,89.45541667,NA,NA,NA,NA,"All Households"
23.202,89.43353333,NA,NA,NA,NA,"All Households"
23.756,90.61726667,NA,NA,NA,NA,"All Households"
23.78251667,90.614,NA,NA,NA,NA,"All Households"
23.78483333,90.61783333,NA,NA,NA,NA,"All Households"
23.7849,90.61561667,NA,NA,NA,NA,"All Households"
23.78496667,90.61508333,NA,NA,NA,NA,"All Households"
23.7885,90.61071667,NA,NA,NA,NA,"All Households"
23.78576667,90.62231667,NA,NA,NA,NA,"All Households"
23.75665,90.60243333,NA,NA,NA,NA,"All Households"
23.75611667,90.60445,NA,NA,NA,NA,"All Households"
23.75366667,90.60025,NA,NA,NA,NA,"All Households"
23.75035,90.60013333,NA,NA,NA,NA,"All Households"
23.75526667,90.6051,NA,NA,NA,NA,"All Households"
23.75275,90.61146667,NA,NA,NA,NA,"All Households"
23.75378333,90.6094,NA,NA,NA,NA,"All Households"
23.753,90.60051667,NA,NA,NA,NA,"All Households"
23.8877,90.58416667,NA,NA,NA,NA,"All Households"
23.88663333,90.58475,NA,NA,NA,NA,"All Households"
23.88821667,90.58341667,NA,NA,NA,NA,"All Households"
23.88813333,90.58343333,NA,NA,NA,NA,"All Households"
23.8855,90.58343333,NA,NA,NA,NA,"All Households"
23.88566667,90.58346667,NA,NA,NA,NA,"All Households"
23.88718333,90.58471667,NA,NA,NA,NA,"All Households"
23.88481667,90.58336667,NA,NA,NA,NA,"All Households"
24.06376667,90.85098333,NA,NA,NA,NA,"All Households"
24.06618333,90.85078333,NA,NA,NA,NA,"All Households"
24.0676,90.84188333,NA,NA,NA,NA,"All Households"
24.06721667,90.84176667,NA,NA,NA,NA,"All Households"
24.05756667,90.85178333,NA,NA,NA,NA,"All Households"
24.06371667,90.85016667,NA,NA,NA,NA,"All Households"
24.06431667,90.84158333,NA,NA,NA,NA,"All Households"
24.06495,90.83963333,NA,NA,NA,NA,"All Households"
24.06233333,90.84038333,NA,NA,NA,NA,"All Households"
24.1706,90.74863333,NA,NA,NA,NA,"All Households"
24.16835,90.74901667,NA,NA,NA,NA,"All Households"
24.17833333,90.74631667,NA,NA,NA,NA,"All Households"
23.83083333,90.66933333,NA,NA,NA,NA,"All Households"
23.82998333,90.6673,NA,NA,NA,NA,"All Households"
23.9565,90.66708333,NA,NA,NA,NA,"All Households"
23.96086667,90.67446667,NA,NA,NA,NA,"All Households"
23.96113333,90.67441667,NA,NA,NA,NA,"All Households"
23.95941667,90.66786667,NA,NA,NA,NA,"All Households"
23.95673333,90.66981667,NA,NA,NA,NA,"All Households"
23.99688333,90.8574,NA,NA,NA,NA,"All Households"
23.99556667,90.85396667,NA,NA,NA,NA,"All Households"
23.99516667,90.85283333,NA,NA,NA,NA,"All Households"
23.99388333,90.85233333,NA,NA,NA,NA,"All Households"
23.98983333,90.85013333,NA,NA,NA,NA,"All Households"
23.9955,90.85395,NA,NA,NA,NA,"All Households"
23.99196667,90.85105,NA,NA,NA,NA,"All Households"
23.99373333,90.85215,NA,NA,NA,NA,"All Households"
23.99753333,90.85706667,NA,NA,NA,NA,"All Households"
23.99036667,90.85763333,NA,NA,NA,NA,"All Households"
23.99068333,90.85728333,NA,NA,NA,NA,"All Households"
24.06001667,90.71156667,NA,NA,NA,NA,"All Households"
24.056,90.7007,NA,NA,NA,NA,"All Households"
24.06165,90.70885,NA,NA,NA,NA,"All Households"
24.06221667,90.70826667,NA,NA,NA,NA,"All Households"
24.05905,90.70993333,NA,NA,NA,NA,"All Households"
24.05873333,90.71496667,NA,NA,NA,NA,"All Households"
24.06061667,90.71133333,NA,NA,NA,NA,"All Households"
24.05548333,90.71436667,NA,NA,NA,NA,"All Households"
24.24866667,89.21745,NA,NA,NA,NA,"All Households"
24.24283333,89.20085,NA,NA,NA,NA,"All Households"
24.24266667,89.20081667,NA,NA,NA,NA,"All Households"
24.23416667,89.20065,NA,NA,NA,NA,"All Households"
24.24388333,89.21371667,NA,NA,NA,NA,"All Households"
24.24431667,89.2112,NA,NA,NA,NA,"All Households"
24.24406667,89.2117,NA,NA,NA,NA,"All Households"
24.24195,89.21028333,NA,NA,NA,NA,"All Households"
24.24258333,89.21316667,NA,NA,NA,NA,"All Households"
24.40365,89.01161667,NA,NA,NA,NA,"All Households"
24.40328333,89.01333333,NA,NA,NA,NA,"All Households"
24.40183333,89.0008,NA,NA,NA,NA,"All Households"
24.40485,89.03285,NA,NA,NA,NA,"All Households"
24.40433333,89.00091667,NA,NA,NA,NA,"All Households"
24.40411667,89.01798333,NA,NA,NA,NA,"All Households"
24.40486667,89.01736667,NA,NA,NA,NA,"All Households"
24.40366667,89.01723333,NA,NA,NA,NA,"All Households"
24.4025,89.01726667,NA,NA,NA,NA,"All Households"
24.44403333,89.18601667,NA,NA,NA,NA,"All Households"
24.43538333,89.18271667,NA,NA,NA,NA,"All Households"
24.44358333,89.18271667,NA,NA,NA,NA,"All Households"
24.43996667,89.18668333,NA,NA,NA,NA,"All Households"
24.43076667,89.17913333,NA,NA,NA,NA,"All Households"
24.44403333,89.18265,NA,NA,NA,NA,"All Households"
24.43043333,89.17861667,NA,NA,NA,NA,"All Households"
24.44341667,89.18378333,NA,NA,NA,NA,"All Households"
24.74181667,88.45563333,NA,NA,NA,NA,"All Households"
24.74113333,88.4565,NA,NA,NA,NA,"All Households"
24.7376,88.45623333,NA,NA,NA,NA,"All Households"
24.73915,88.45645,NA,NA,NA,NA,"All Households"
24.74133333,88.45538333,NA,NA,NA,NA,"All Households"
24.74026667,88.45538333,NA,NA,NA,NA,"All Households"
24.73758333,88.45576667,NA,NA,NA,NA,"All Households"
24.73665,88.45968333,NA,NA,NA,NA,"All Households"
24.73763333,88.45993333,NA,NA,NA,NA,"All Households"
24.73711667,88.45788333,NA,NA,NA,NA,"All Households"
24.7355,88.45046667,NA,NA,NA,NA,"All Households"
24.72066667,88.18353333,NA,NA,NA,NA,"All Households"
24.72258333,88.1871,NA,NA,NA,NA,"All Households"
24.7227,88.18825,NA,NA,NA,NA,"All Households"
24.72141667,88.18541667,NA,NA,NA,NA,"All Households"
24.8785,90.84258333,NA,NA,NA,NA,"All Households"
24.88021667,90.84245,NA,NA,NA,NA,"All Households"
24.88155,90.84178333,NA,NA,NA,NA,"All Households"
24.8844,90.84323333,NA,NA,NA,NA,"All Households"
24.88748333,90.84663333,NA,NA,NA,NA,"All Households"
24.88866667,90.84586667,NA,NA,NA,NA,"All Households"
24.88865,90.84628333,NA,NA,NA,NA,"All Households"
24.8863,90.84665,NA,NA,NA,NA,"All Households"
24.88445,90.84781667,NA,NA,NA,NA,"All Households"
24.992,90.76731667,NA,NA,NA,NA,"All Households"
24.99915,90.77665,NA,NA,NA,NA,"All Households"
25.0021,90.7747,NA,NA,NA,NA,"All Households"
25.00233333,90.76698333,NA,NA,NA,NA,"All Households"
25.00318333,90.76786667,NA,NA,NA,NA,"All Households"
25.00405,90.76745,NA,NA,NA,NA,"All Households"
25.00241667,90.77021667,NA,NA,NA,NA,"All Households"
25.0013,90.77008333,NA,NA,NA,NA,"All Households"
25.00083333,90.7699,NA,NA,NA,NA,"All Households"
24.99233333,90.76686667,NA,NA,NA,NA,"All Households"
24.68456667,90.73756667,NA,NA,NA,NA,"All Households"
24.68651667,90.73861667,NA,NA,NA,NA,"All Households"
24.68823333,90.73821667,NA,NA,NA,NA,"All Households"
24.69243333,90.73928333,NA,NA,NA,NA,"All Households"
24.6932,90.73763333,NA,NA,NA,NA,"All Households"
24.6913,90.7356,NA,NA,NA,NA,"All Households"
24.86483333,90.98645,NA,NA,NA,NA,"All Households"
24.8584,90.98645,NA,NA,NA,NA,"All Households"
24.8567,90.98701667,NA,NA,NA,NA,"All Households"
24.85653333,90.98636667,NA,NA,NA,NA,"All Households"
24.85631667,90.9853,NA,NA,NA,NA,"All Households"
24.85593333,90.98606667,NA,NA,NA,NA,"All Households"
24.853,90.9836,NA,NA,NA,NA,"All Households"
24.85298333,90.98548333,NA,NA,NA,NA,"All Households"
24.85381667,90.98651667,NA,NA,NA,NA,"All Households"
24.90085,90.6893,NA,NA,NA,NA,"All Households"
24.88431667,90.68376667,NA,NA,NA,NA,"All Households"
24.9,90.68376667,NA,NA,NA,NA,"All Households"
24.90415,90.69706667,NA,NA,NA,NA,"All Households"
24.9052,90.69595,NA,NA,NA,NA,"All Households"
24.86743333,90.6524,NA,NA,NA,NA,"All Households"
24.86716667,90.65015,NA,NA,NA,NA,"All Households"
24.85966667,90.65006667,NA,NA,NA,NA,"All Households"
24.86623333,90.64831667,NA,NA,NA,NA,"All Households"
24.86491667,90.65058333,NA,NA,NA,NA,"All Households"
24.8643,90.64948333,NA,NA,NA,NA,"All Households"
24.857,90.65005,NA,NA,NA,NA,"All Households"
24.85733333,90.65003333,NA,NA,NA,NA,"All Households"
26.25875,88.81091667,NA,NA,NA,NA,"All Households"
26.26161667,88.8097,NA,NA,NA,NA,"All Households"
26.25771667,88.81065,NA,NA,NA,NA,"All Households"
26.25488333,88.81011667,NA,NA,NA,NA,"All Households"
26.25545,88.81123333,NA,NA,NA,NA,"All Households"
26.25585,88.81033333,NA,NA,NA,NA,"All Households"
26.24316667,88.80068333,NA,NA,NA,NA,"All Households"
26.25245,88.80968333,NA,NA,NA,NA,"All Households"
25.8715,89.08378333,NA,NA,NA,NA,"All Households"
25.8715,89.08378333,NA,NA,NA,NA,"All Households"
25.87501667,89.09126667,NA,NA,NA,NA,"All Households"
25.87248333,89.09188333,NA,NA,NA,NA,"All Households"
25.8731,89.09153333,NA,NA,NA,NA,"All Households"
25.87621667,89.09356667,NA,NA,NA,NA,"All Households"
25.8759,89.09315,NA,NA,NA,NA,"All Households"
25.87575,89.09126667,NA,NA,NA,NA,"All Households"
25.786,88.95356667,NA,NA,NA,NA,"All Households"
25.77466667,88.93423333,NA,NA,NA,NA,"All Households"
25.78683333,88.95233333,NA,NA,NA,NA,"All Households"
25.78931667,88.94906667,NA,NA,NA,NA,"All Households"
25.789,88.95185,NA,NA,NA,NA,"All Households"
25.78716667,88.95003333,NA,NA,NA,NA,"All Households"
25.7865,88.9501,NA,NA,NA,NA,"All Households"
25.78605,88.95265,NA,NA,NA,NA,"All Households"
25.78215,88.94896667,NA,NA,NA,NA,"All Households"
25.78553333,88.95188333,NA,NA,NA,NA,"All Households"
22.94168333,91.04273333,NA,NA,NA,NA,"All Households"
22.93978333,91.04066667,NA,NA,NA,NA,"All Households"
22.93866667,91.03423333,NA,NA,NA,NA,"All Households"
22.93623333,91.04001667,NA,NA,NA,NA,"All Households"
22.93633333,91.034,NA,NA,NA,NA,"All Households"
23.09021667,91.01236667,NA,NA,NA,NA,"All Households"
23.08751667,91.01466667,NA,NA,NA,NA,"All Households"
23.08878333,91.01321667,NA,NA,NA,NA,"All Households"
23.08751667,91.01478333,NA,NA,NA,NA,"All Households"
23.0872,91.01356667,NA,NA,NA,NA,"All Households"
23.08885,91.01503333,NA,NA,NA,NA,"All Households"
23.08963333,91.01895,NA,NA,NA,NA,"All Households"
23.09066667,91.0007,NA,NA,NA,NA,"All Households"
22.3611,91.1165,NA,NA,NA,NA,"All Households"
22.36035,91.10581667,NA,NA,NA,NA,"All Households"
22.35968333,91.09843333,NA,NA,NA,NA,"All Households"
22.35955,91.10538333,NA,NA,NA,NA,"All Households"
22.36026667,91.09788333,NA,NA,NA,NA,"All Households"
22.36126667,91.10061667,NA,NA,NA,NA,"All Households"
22.99218333,91.2404,NA,NA,NA,NA,"All Households"
22.99263333,91.2369,NA,NA,NA,NA,"All Households"
22.98866667,91.2335,NA,NA,NA,NA,"All Households"
22.99245,91.23711667,NA,NA,NA,NA,"All Households"
22.98716667,91.2335,NA,NA,NA,NA,"All Households"
22.99098333,91.23681667,NA,NA,NA,NA,"All Households"
22.98968333,91.23626667,NA,NA,NA,NA,"All Households"
22.9904,91.23883333,NA,NA,NA,NA,"All Households"
22.8562,90.94313333,NA,NA,NA,NA,"All Households"
22.86205,90.94608333,NA,NA,NA,NA,"All Households"
22.85915,90.9452,NA,NA,NA,NA,"All Households"
22.86136667,90.94535,NA,NA,NA,NA,"All Households"
22.85238333,90.94745,NA,NA,NA,NA,"All Households"
22.85163333,90.9493,NA,NA,NA,NA,"All Households"
24.0197,89.62641667,NA,NA,NA,NA,"All Households"
24.01858333,89.62695,NA,NA,NA,NA,"All Households"
24.0207,89.62685,NA,NA,NA,NA,"All Households"
24.02141667,89.6263,NA,NA,NA,NA,"All Households"
24.023,89.62658333,NA,NA,NA,NA,"All Households"
24.031,89.0739,NA,NA,NA,NA,"All Households"
24.031,89.0739,NA,NA,NA,NA,"All Households"
24.02905,89.07483333,NA,NA,NA,NA,"All Households"
24.03028333,89.07505,NA,NA,NA,NA,"All Households"
24.02633333,89.0671,NA,NA,NA,NA,"All Households"
24.03296667,89.07411667,NA,NA,NA,NA,"All Households"
24.0304,89.0778,NA,NA,NA,NA,"All Households"
24.03031667,89.07993333,NA,NA,NA,NA,"All Households"
24.05816667,89.20448333,NA,NA,NA,NA,"All Households"
24.05666667,89.2003,NA,NA,NA,NA,"All Households"
24.05571667,89.2055,NA,NA,NA,NA,"All Households"
24.05583333,89.20025,NA,NA,NA,NA,"All Households"
23.90991667,89.4268,NA,NA,NA,NA,"All Households"
23.91155,89.42571667,NA,NA,NA,NA,"All Households"
23.9123,89.42693333,NA,NA,NA,NA,"All Households"
23.91106667,89.42508333,NA,NA,NA,NA,"All Households"
23.91291667,89.42615,NA,NA,NA,NA,"All Households"
23.91351667,89.42655,NA,NA,NA,NA,"All Households"
23.90883333,89.41721667,NA,NA,NA,NA,"All Households"
23.91335,89.42515,NA,NA,NA,NA,"All Households"
23.90733333,89.41733333,NA,NA,NA,NA,"All Households"
26.13688333,88.68181667,NA,NA,NA,NA,"All Households"
26.13698333,88.68161667,NA,NA,NA,NA,"All Households"
26.13625,88.68358333,NA,NA,NA,NA,"All Households"
26.13361667,88.6801,NA,NA,NA,NA,"All Households"
26.12583333,88.67956667,NA,NA,NA,NA,"All Households"
26.13706667,88.67928333,NA,NA,NA,NA,"All Households"
26.13691667,88.68383333,NA,NA,NA,NA,"All Households"
22.45843333,90.58783333,NA,NA,NA,NA,"All Households"
22.45843333,90.58783333,NA,NA,NA,NA,"All Households"
22.4566,90.58355,NA,NA,NA,NA,"All Households"
22.45298333,90.58508333,NA,NA,NA,NA,"All Households"
22.45606667,90.5803,NA,NA,NA,NA,"All Households"
22.01793333,90.46098333,NA,NA,NA,NA,"All Households"
22.00816667,90.45081667,NA,NA,NA,NA,"All Households"
22.01341667,90.46336667,NA,NA,NA,NA,"All Households"
22.01723333,90.46566667,NA,NA,NA,NA,"All Households"
22.01196667,90.45308333,NA,NA,NA,NA,"All Households"
22.01241667,90.45613333,NA,NA,NA,NA,"All Households"
22.0122,90.45403333,NA,NA,NA,NA,"All Households"
22.01355,90.45373333,NA,NA,NA,NA,"All Households"
22.01201667,90.44778333,NA,NA,NA,NA,"All Households"
22.01331667,90.44426667,NA,NA,NA,NA,"All Households"
22.42163333,90.24793333,NA,NA,NA,NA,"All Households"
22.42033333,90.24453333,NA,NA,NA,NA,"All Households"
22.41898333,90.24413333,NA,NA,NA,NA,"All Households"
22.42585,90.24828333,NA,NA,NA,NA,"All Households"
22.41703333,90.23395,NA,NA,NA,NA,"All Households"
22.42426667,90.24755,NA,NA,NA,NA,"All Households"
22.42041667,90.24835,NA,NA,NA,NA,"All Households"
22.4767,90.07441667,NA,NA,NA,NA,"All Households"
22.4769,90.07198333,NA,NA,NA,NA,"All Households"
22.4776,90.08233333,NA,NA,NA,NA,"All Households"
22.47846667,90.07795,NA,NA,NA,NA,"All Households"
22.47736667,90.06995,NA,NA,NA,NA,"All Households"
22.48241667,90.06945,NA,NA,NA,NA,"All Households"
22.476,90.06686667,NA,NA,NA,NA,"All Households"
22.48018333,90.07291667,NA,NA,NA,NA,"All Households"
22.47953333,90.077,NA,NA,NA,NA,"All Households"
22.25565,89.96628333,NA,NA,NA,NA,"All Households"
22.25543333,89.97031667,NA,NA,NA,NA,"All Households"
22.25666667,89.95855,NA,NA,NA,NA,"All Households"
22.25485,89.96951667,NA,NA,NA,NA,"All Households"
22.25358333,89.95258333,NA,NA,NA,NA,"All Households"
22.2552,89.95721667,NA,NA,NA,NA,"All Households"
22.63703333,89.97656667,NA,NA,NA,NA,"All Households"
22.63723333,89.97983333,NA,NA,NA,NA,"All Households"
22.63731667,89.97906667,NA,NA,NA,NA,"All Households"
22.634,89.98363333,NA,NA,NA,NA,"All Households"
22.63961667,89.97876667,NA,NA,NA,NA,"All Households"
22.63578333,89.98463333,NA,NA,NA,NA,"All Households"
24.27831667,88.81783333,NA,NA,NA,NA,"All Households"
24.27961667,88.81721667,NA,NA,NA,NA,"All Households"
24.27683333,88.83315,NA,NA,NA,NA,"All Households"
24.27558333,88.81748333,NA,NA,NA,NA,"All Households"
24.28063333,88.81743333,NA,NA,NA,NA,"All Households"
24.27686667,88.82006667,NA,NA,NA,NA,"All Households"
24.27636667,88.82091667,NA,NA,NA,NA,"All Households"
24.50583333,88.36686667,NA,NA,NA,NA,"All Households"
24.50875,88.37105,NA,NA,NA,NA,"All Households"
24.50558333,88.37223333,NA,NA,NA,NA,"All Households"
24.50776667,88.37156667,NA,NA,NA,NA,"All Households"
24.50741667,88.37111667,NA,NA,NA,NA,"All Households"
24.507,88.37181667,NA,NA,NA,NA,"All Households"
24.50526667,88.37245,NA,NA,NA,NA,"All Households"
24.507,88.37185,NA,NA,NA,NA,"All Households"
24.50503333,88.37238333,NA,NA,NA,NA,"All Households"
24.6845,88.60063333,NA,NA,NA,NA,"All Households"
24.6862,88.60896667,NA,NA,NA,NA,"All Households"
24.68475,88.60951667,NA,NA,NA,NA,"All Households"
24.68408333,88.60956667,NA,NA,NA,NA,"All Households"
24.68435,88.6089,NA,NA,NA,NA,"All Households"
24.68395,88.61183333,NA,NA,NA,NA,"All Households"
23.8721,89.38068333,NA,NA,NA,NA,"All Households"
23.87351667,89.38221667,NA,NA,NA,NA,"All Households"
23.87526667,89.37966667,NA,NA,NA,NA,"All Households"
23.8753,89.37855,NA,NA,NA,NA,"All Households"
23.8748,89.3769,NA,NA,NA,NA,"All Households"
23.68788333,89.4291,NA,NA,NA,NA,"All Households"
23.68635,89.42951667,NA,NA,NA,NA,"All Households"
23.68391667,89.40068333,NA,NA,NA,NA,"All Households"
23.68708333,89.42966667,NA,NA,NA,NA,"All Households"
23.6918,89.42883333,NA,NA,NA,NA,"All Households"
23.28395,92.1567,NA,NA,NA,NA,"All Households"
23.28333333,92.15595,NA,NA,NA,NA,"All Households"
23.2725,92.1341,NA,NA,NA,NA,"All Households"
23.27516667,92.13426667,NA,NA,NA,NA,"All Households"
23.28118333,92.15461667,NA,NA,NA,NA,"All Households"
23.28366667,92.15043333,NA,NA,NA,NA,"All Households"
23.28366667,92.15043333,NA,NA,NA,NA,"All Households"
23.28148333,92.14983333,NA,NA,NA,NA,"All Households"
25.67126667,89.10765,NA,NA,NA,NA,"All Households"
25.67273333,89.10836667,NA,NA,NA,NA,"All Households"
25.67326667,89.10715,NA,NA,NA,NA,"All Households"
25.67468333,89.10706667,NA,NA,NA,NA,"All Households"
25.67513333,89.10733333,NA,NA,NA,NA,"All Households"
25.66705,89.10043333,NA,NA,NA,NA,"All Households"
25.67133333,89.10055,NA,NA,NA,NA,"All Households"
25.67486667,89.10958333,NA,NA,NA,NA,"All Households"
25.67661667,89.1091,NA,NA,NA,NA,"All Households"
25.67283333,89.10053333,NA,NA,NA,NA,"All Households"
25.67615,89.1102,NA,NA,NA,NA,"All Households"
25.7686,89.33975,NA,NA,NA,NA,"All Households"
25.76798333,89.34213333,NA,NA,NA,NA,"All Households"
25.7701,89.33748333,NA,NA,NA,NA,"All Households"
25.768,89.33906667,NA,NA,NA,NA,"All Households"
25.76318333,89.34245,NA,NA,NA,NA,"All Households"
25.76176667,89.33625,NA,NA,NA,NA,"All Households"
25.76346667,89.3378,NA,NA,NA,NA,"All Households"
25.57183333,89.31675,NA,NA,NA,NA,"All Households"
25.57485,89.30901667,NA,NA,NA,NA,"All Households"
25.57503333,89.31625,NA,NA,NA,NA,"All Households"
25.57648333,89.31726667,NA,NA,NA,NA,"All Households"
25.5787,89.31541667,NA,NA,NA,NA,"All Households"
25.69033333,89.43406667,NA,NA,NA,NA,"All Households"
25.69835,89.44545,NA,NA,NA,NA,"All Households"
25.702,89.44493333,NA,NA,NA,NA,"All Households"
25.70126667,89.44621667,NA,NA,NA,NA,"All Households"
25.70225,89.44741667,NA,NA,NA,NA,"All Households"
25.70361667,89.44413333,NA,NA,NA,NA,"All Households"
25.7036,89.4434,NA,NA,NA,NA,"All Households"
25.45871667,89.20165,NA,NA,NA,NA,"All Households"
25.45636667,89.20315,NA,NA,NA,NA,"All Households"
25.45668333,89.2001,NA,NA,NA,NA,"All Households"
23.18866667,90.58396667,NA,NA,NA,NA,"All Households"
23.1865,90.58338333,NA,NA,NA,NA,"All Households"
23.19048333,90.58338333,NA,NA,NA,NA,"All Households"
23.18845,90.5859,NA,NA,NA,NA,"All Households"
23.18808333,90.58741667,NA,NA,NA,NA,"All Households"
23.18926667,90.58553333,NA,NA,NA,NA,"All Households"
23.19093333,90.58291667,NA,NA,NA,NA,"All Households"
23.19161667,90.5811,NA,NA,NA,NA,"All Households"
23.1875,90.56748333,NA,NA,NA,NA,"All Households"
23.18956667,90.58073333,NA,NA,NA,NA,"All Households"
23.18735,90.58255,NA,NA,NA,NA,"All Households"
23.18626667,90.58376667,NA,NA,NA,NA,"All Households"
23.2365,90.58281667,NA,NA,NA,NA,"All Households"
23.1109,90.50676667,NA,NA,NA,NA,"All Households"
23.10616667,90.5004,NA,NA,NA,NA,"All Households"
23.105,90.50035,NA,NA,NA,NA,"All Households"
23.11035,90.50593333,NA,NA,NA,NA,"All Households"
23.1065,90.50036667,NA,NA,NA,NA,"All Households"
23.10831667,90.50963333,NA,NA,NA,NA,"All Households"
23.27633333,90.30275,NA,NA,NA,NA,"All Households"
23.28216667,90.30098333,NA,NA,NA,NA,"All Households"
23.2815,90.30201667,NA,NA,NA,NA,"All Households"
23.2802,90.30311667,NA,NA,NA,NA,"All Households"
23.2786,90.3047,NA,NA,NA,NA,"All Households"
23.27783333,90.30491667,NA,NA,NA,NA,"All Households"
23.27745,90.3037,NA,NA,NA,NA,"All Households"
22.90633333,88.91741667,NA,NA,NA,NA,"All Households"
22.91223333,88.92791667,NA,NA,NA,NA,"All Households"
22.91255,88.92631667,NA,NA,NA,NA,"All Households"
22.50028333,89.08955,NA,NA,NA,NA,"All Households"
22.49856667,89.08635,NA,NA,NA,NA,"All Households"
22.49906667,89.04381667,NA,NA,NA,NA,"All Households"
22.50105,89.09561667,NA,NA,NA,NA,"All Households"
22.49923333,89.09653333,NA,NA,NA,NA,"All Households"
22.5005,89.08378333,NA,NA,NA,NA,"All Households"
22.5007,89.09038333,NA,NA,NA,NA,"All Households"
22.50125,89.09066667,NA,NA,NA,NA,"All Households"
22.5001,89.08921667,NA,NA,NA,NA,"All Households"
22.50008333,89.08881667,NA,NA,NA,NA,"All Households"
22.49991667,89.08773333,NA,NA,NA,NA,"All Households"
22.2489,89.06603333,NA,NA,NA,NA,"All Households"
22.2482,89.04876667,NA,NA,NA,NA,"All Households"
22.24761667,89.04791667,NA,NA,NA,NA,"All Households"
22.24856667,89.05056667,NA,NA,NA,NA,"All Households"
22.24753333,89.04606667,NA,NA,NA,NA,"All Households"
22.24821667,89.04361667,NA,NA,NA,NA,"All Households"
22.24851667,89.04508333,NA,NA,NA,NA,"All Households"
22.24881667,89.0447,NA,NA,NA,NA,"All Households"
22.24873333,89.05303333,NA,NA,NA,NA,"All Households"
22.2489,89.05055,NA,NA,NA,NA,"All Households"
22.25126667,89.05923333,NA,NA,NA,NA,"All Households"
22.24918333,89.042,NA,NA,NA,NA,"All Households"
24.17226667,89.75903333,NA,NA,NA,NA,"All Households"
24.1695,89.75026667,NA,NA,NA,NA,"All Households"
24.16766667,89.75045,NA,NA,NA,NA,"All Households"
24.17245,89.75735,NA,NA,NA,NA,"All Households"
24.16883333,89.7504,NA,NA,NA,NA,"All Households"
24.1653,89.75061667,NA,NA,NA,NA,"All Households"
24.18058333,89.75225,NA,NA,NA,NA,"All Households"
24.16883333,89.76031667,NA,NA,NA,NA,"All Households"
24.16891667,89.75951667,NA,NA,NA,NA,"All Households"
24.1793,89.75228333,NA,NA,NA,NA,"All Households"
24.49768333,89.57685,NA,NA,NA,NA,"All Households"
24.49945,89.57711667,NA,NA,NA,NA,"All Households"
24.49558333,89.57635,NA,NA,NA,NA,"All Households"
24.49543333,89.5784,NA,NA,NA,NA,"All Households"
24.50046667,89.57795,NA,NA,NA,NA,"All Households"
24.49981667,89.57755,NA,NA,NA,NA,"All Households"
24.15516667,89.56691667,NA,NA,NA,NA,"All Households"
24.1597,89.56871667,NA,NA,NA,NA,"All Households"
24.15566667,89.56676667,NA,NA,NA,NA,"All Households"
24.15966667,89.56873333,NA,NA,NA,NA,"All Households"
24.1594,89.56828333,NA,NA,NA,NA,"All Households"
24.15943333,89.56858333,NA,NA,NA,NA,"All Households"
24.15806667,89.57043333,NA,NA,NA,NA,"All Households"
24.15783333,89.57041667,NA,NA,NA,NA,"All Households"
24.41396667,89.34801667,NA,NA,NA,NA,"All Households"
24.4121,89.34506667,NA,NA,NA,NA,"All Households"
24.40633333,89.33401667,NA,NA,NA,NA,"All Households"
24.40666667,89.33378333,NA,NA,NA,NA,"All Households"
24.41093333,89.34153333,NA,NA,NA,NA,"All Households"
24.41285,89.3468,NA,NA,NA,NA,"All Households"
24.41256667,89.34255,NA,NA,NA,NA,"All Households"
24.41293333,89.34481667,NA,NA,NA,NA,"All Households"
25.14455,90.00741667,NA,NA,NA,NA,"All Households"
25.14461667,90.00796667,NA,NA,NA,NA,"All Households"
25.1436,90.00746667,NA,NA,NA,NA,"All Households"
25.0672,90.08663333,NA,NA,NA,NA,"All Households"
25.06733333,90.08353333,NA,NA,NA,NA,"All Households"
25.06745,90.08403333,NA,NA,NA,NA,"All Households"
25.06766667,90.08345,NA,NA,NA,NA,"All Households"
25.06665,90.07956667,NA,NA,NA,NA,"All Households"
25.0685,90.08376667,NA,NA,NA,NA,"All Households"
25.06606667,90.08011667,NA,NA,NA,NA,"All Households"
25.06926667,90.08706667,NA,NA,NA,NA,"All Households"
24.97565,90.07895,NA,NA,NA,NA,"All Households"
24.97681667,90.08221667,NA,NA,NA,NA,"All Households"
24.97266667,90.0676,NA,NA,NA,NA,"All Households"
24.97778333,90.08551667,NA,NA,NA,NA,"All Households"
24.96983333,90.0853,NA,NA,NA,NA,"All Households"
24.97803333,90.08068333,NA,NA,NA,NA,"All Households"
24.97793333,90.08155,NA,NA,NA,NA,"All Households"
24.97873333,90.07955,NA,NA,NA,NA,"All Households"
24.98041667,90.08048333,NA,NA,NA,NA,"All Households"
25.01916667,90.03361667,NA,NA,NA,NA,"All Households"
25.02021667,90.04101667,NA,NA,NA,NA,"All Households"
25.01973333,90.04133333,NA,NA,NA,NA,"All Households"
25.01941667,90.03598333,NA,NA,NA,NA,"All Households"
25.02041667,90.04,NA,NA,NA,NA,"All Households"
25.02116667,90.03913333,NA,NA,NA,NA,"All Households"
25.1624,89.9138,NA,NA,NA,NA,"All Households"
25.16073333,89.91233333,NA,NA,NA,NA,"All Households"
25.15945,89.91301667,NA,NA,NA,NA,"All Households"
25.1607,89.9097,NA,NA,NA,NA,"All Households"
25.16138333,89.90953333,NA,NA,NA,NA,"All Households"
25.16408333,89.91166667,NA,NA,NA,NA,"All Households"
25.171,89.90055,NA,NA,NA,NA,"All Households"
25.16276667,89.9109,NA,NA,NA,NA,"All Households"
25.1619,89.91,NA,NA,NA,NA,"All Households"
24.84096667,91.58078333,NA,NA,NA,NA,"All Households"
24.83835,91.5833,NA,NA,NA,NA,"All Households"
24.84458333,91.57753333,NA,NA,NA,NA,"All Households"
24.8459,91.5747,NA,NA,NA,NA,"All Households"
24.84763333,91.57046667,NA,NA,NA,NA,"All Households"
24.84708333,91.5726,NA,NA,NA,NA,"All Households"
24.9163,91.66036667,NA,NA,NA,NA,"All Households"
24.91543333,91.65961667,NA,NA,NA,NA,"All Households"
24.91548333,91.65911667,NA,NA,NA,NA,"All Households"
24.91561667,91.65846667,NA,NA,NA,NA,"All Households"
24.91521667,91.65618333,NA,NA,NA,NA,"All Households"
24.91521667,91.65618333,NA,NA,NA,NA,"All Households"
24.91698333,91.65815,NA,NA,NA,NA,"All Households"
24.91758333,91.6598,NA,NA,NA,NA,"All Households"
24.91876667,91.66105,NA,NA,NA,NA,"All Households"
24.83896667,91.23773333,NA,NA,NA,NA,"All Households"
24.83683333,91.23358333,NA,NA,NA,NA,"All Households"
24.83815,91.23845,NA,NA,NA,NA,"All Households"
24.83803333,91.23825,NA,NA,NA,NA,"All Households"
24.84216667,91.2337,NA,NA,NA,NA,"All Households"
24.8379,91.2389,NA,NA,NA,NA,"All Households"
24.83786667,91.2388,NA,NA,NA,NA,"All Households"
24.83731667,91.23855,NA,NA,NA,NA,"All Households"
24.85133333,91.2172,NA,NA,NA,NA,"All Households"
24.83716667,91.23831667,NA,NA,NA,NA,"All Households"
24.92926667,90.964,NA,NA,NA,NA,"All Households"
24.93001667,90.964,NA,NA,NA,NA,"All Households"
24.9273,90.96348333,NA,NA,NA,NA,"All Households"
24.93136667,90.96276667,NA,NA,NA,NA,"All Households"
24.93151667,90.96223333,NA,NA,NA,NA,"All Households"
25.11828333,91.61576667,NA,NA,NA,NA,"All Households"
25.12021667,91.61535,NA,NA,NA,NA,"All Households"
25.1197,91.61513333,NA,NA,NA,NA,"All Households"
25.11866667,91.61481667,NA,NA,NA,NA,"All Households"
25.11828333,91.61471667,NA,NA,NA,NA,"All Households"
25.11728333,91.61493333,NA,NA,NA,NA,"All Households"
25.11771667,91.61546667,NA,NA,NA,NA,"All Households"
25.11798333,91.6158,NA,NA,NA,NA,"All Households"
25.03341667,91.1448,NA,NA,NA,NA,"All Households"
25.03285,91.1437,NA,NA,NA,NA,"All Households"
25.0328,91.1438,NA,NA,NA,NA,"All Households"
25.03296667,91.14431667,NA,NA,NA,NA,"All Households"
25.03313333,91.14438333,NA,NA,NA,NA,"All Households"
25.03205,91.1426,NA,NA,NA,NA,"All Households"
25.03191667,91.14246667,NA,NA,NA,NA,"All Households"
25.03176667,91.14258333,NA,NA,NA,NA,"All Households"
25.02875,91.1406,NA,NA,NA,NA,"All Households"
25.0307,91.14065,NA,NA,NA,NA,"All Households"
25.02903333,91.13763333,NA,NA,NA,NA,"All Households"
24.6957,91.31918333,NA,NA,NA,NA,"All Households"
24.69471667,91.31693333,NA,NA,NA,NA,"All Households"
24.69693333,91.31718333,NA,NA,NA,NA,"All Households"
24.6915,91.3167,NA,NA,NA,NA,"All Households"
24.69711667,91.31733333,NA,NA,NA,NA,"All Households"
24.69673333,91.31741667,NA,NA,NA,NA,"All Households"
24.69766667,91.3174,NA,NA,NA,NA,"All Households"
24.74748333,91.31735,NA,NA,NA,NA,"All Households"
24.74748333,91.31735,NA,NA,NA,NA,"All Households"
24.6991,91.31801667,NA,NA,NA,NA,"All Households"
24.6991,91.31801667,NA,NA,NA,NA,"All Households"
25.10138333,91.43015,NA,NA,NA,NA,"All Households"
25.10021667,91.43915,NA,NA,NA,NA,"All Households"
25.09975,91.43781667,NA,NA,NA,NA,"All Households"
25.09975,91.43781667,NA,NA,NA,NA,"All Households"
25.10168333,91.43706667,NA,NA,NA,NA,"All Households"
25.1008,91.43673333,NA,NA,NA,NA,"All Households"
25.10061667,91.4369,NA,NA,NA,NA,"All Households"
25.10133333,91.43491667,NA,NA,NA,NA,"All Households"
25.10155,91.4394,NA,NA,NA,NA,"All Households"
25.10051667,91.43245,NA,NA,NA,NA,"All Households"
25.10041667,91.43126667,NA,NA,NA,NA,"All Households"
25.10133333,91.41755,NA,NA,NA,NA,"All Households"
25.09813333,91.17271667,NA,NA,NA,NA,"All Households"
25.09806667,91.17278333,NA,NA,NA,NA,"All Households"
25.09756667,91.17211667,NA,NA,NA,NA,"All Households"
25.09781667,91.17213333,NA,NA,NA,NA,"All Households"
25.09773333,91.17186667,NA,NA,NA,NA,"All Households"
25.09773333,91.17156667,NA,NA,NA,NA,"All Households"
25.09725,91.16898333,NA,NA,NA,NA,"All Households"
25.09678333,91.1694,NA,NA,NA,NA,"All Households"
25.09728333,91.16948333,NA,NA,NA,NA,"All Households"
25.09716667,91.1686,NA,NA,NA,NA,"All Households"
24.69285,91.71691667,NA,NA,NA,NA,"All Households"
24.68933333,91.70093333,NA,NA,NA,NA,"All Households"
24.69175,91.71608333,NA,NA,NA,NA,"All Households"
24.69301667,91.71381667,NA,NA,NA,NA,"All Households"
24.90835,92.14608333,NA,NA,NA,NA,"All Households"
24.90801667,92.14755,NA,NA,NA,NA,"All Households"
24.90881667,92.14753333,NA,NA,NA,NA,"All Households"
24.90988333,92.1467,NA,NA,NA,NA,"All Households"
24.91035,92.14701667,NA,NA,NA,NA,"All Households"
24.9092,92.1465,NA,NA,NA,NA,"All Households"
24.90915,92.14876667,NA,NA,NA,NA,"All Households"
24.90931667,92.14808333,NA,NA,NA,NA,"All Households"
24.91081667,92.14696667,NA,NA,NA,NA,"All Households"
24.91058333,92.14715,NA,NA,NA,NA,"All Households"
24.91016667,92.14781667,NA,NA,NA,NA,"All Households"
24.75511667,91.69935,NA,NA,NA,NA,"All Households"
24.75568333,91.70008333,NA,NA,NA,NA,"All Households"
24.75266667,91.68396667,NA,NA,NA,NA,"All Households"
24.75433333,91.70166667,NA,NA,NA,NA,"All Households"
24.74408333,91.92645,NA,NA,NA,NA,"All Households"
24.74381667,91.92641667,NA,NA,NA,NA,"All Households"
24.74451667,91.92791667,NA,NA,NA,NA,"All Households"
24.74368333,91.9261,NA,NA,NA,NA,"All Households"
24.74396667,91.92405,NA,NA,NA,NA,"All Households"
24.74446667,91.92693333,NA,NA,NA,NA,"All Households"
24.74478333,91.92605,NA,NA,NA,NA,"All Households"
24.74388333,91.92558333,NA,NA,NA,NA,"All Households"
24.74415,91.924,NA,NA,NA,NA,"All Households"
24.72588333,92.0354,NA,NA,NA,NA,"All Households"
24.72535,92.03543333,NA,NA,NA,NA,"All Households"
24.72518333,92.0355,NA,NA,NA,NA,"All Households"
24.71921667,92.03908333,NA,NA,NA,NA,"All Households"
24.72366667,92.03525,NA,NA,NA,NA,"All Households"
24.72305,92.035,NA,NA,NA,NA,"All Households"
24.72385,92.03588333,NA,NA,NA,NA,"All Households"
24.72315,92.03653333,NA,NA,NA,NA,"All Households"
24.7195,92.03378333,NA,NA,NA,NA,"All Households"
24.7205,92.03895,NA,NA,NA,NA,"All Households"
24.72143333,92.03296667,NA,NA,NA,NA,"All Households"
25.17553333,91.95088333,NA,NA,NA,NA,"All Households"
25.17518333,91.95016667,NA,NA,NA,NA,"All Households"
25.17535,91.94755,NA,NA,NA,NA,"All Households"
25.17513333,91.94598333,NA,NA,NA,NA,"All Households"
25.1756,91.94665,NA,NA,NA,NA,"All Households"
25.17538333,91.95225,NA,NA,NA,NA,"All Households"
25.17611667,91.95465,NA,NA,NA,NA,"All Households"
25.17611667,91.95465,NA,NA,NA,NA,"All Households"
25.17541667,91.95711667,NA,NA,NA,NA,"All Households"
25.17511667,91.9584,NA,NA,NA,NA,"All Households"
25.1755,91.9581,NA,NA,NA,NA,"All Households"
25.1755,91.9581,NA,NA,NA,NA,"All Households"
25.12271667,92.11551667,NA,NA,NA,NA,"All Households"
25.13025,92.11111667,NA,NA,NA,NA,"All Households"
25.13056667,92.10965,NA,NA,NA,NA,"All Households"
25.13056667,92.10965,NA,NA,NA,NA,"All Households"
25.13238333,92.10781667,NA,NA,NA,NA,"All Households"
25.13118333,92.11208333,NA,NA,NA,NA,"All Households"
25.13023333,92.11283333,NA,NA,NA,NA,"All Households"
25.00105,92.33516667,NA,NA,NA,NA,"All Households"
24.9875,92.3339,NA,NA,NA,NA,"All Households"
25.00165,92.33293333,NA,NA,NA,NA,"All Households"
24.99996667,92.33588333,NA,NA,NA,NA,"All Households"
24.99726667,92.34008333,NA,NA,NA,NA,"All Households"
24.9971,92.33986667,NA,NA,NA,NA,"All Households"
24.99226667,92.34046667,NA,NA,NA,NA,"All Households"
24.99386667,92.34013333,NA,NA,NA,NA,"All Households"
24.99878333,92.33603333,NA,NA,NA,NA,"All Households"
24.99435,92.34181667,NA,NA,NA,NA,"All Households"
24.99245,92.3395,NA,NA,NA,NA,"All Households"
24.9142,91.95601667,NA,NA,NA,NA,"All Households"
24.9142,91.95601667,NA,NA,NA,NA,"All Households"
24.9153,91.95371667,NA,NA,NA,NA,"All Households"
24.91265,91.95141667,NA,NA,NA,NA,"All Households"
24.91178333,91.95208333,NA,NA,NA,NA,"All Households"
24.91275,91.95795,NA,NA,NA,NA,"All Households"
24.91275,91.95795,NA,NA,NA,NA,"All Households"
24.91028333,91.95323333,NA,NA,NA,NA,"All Households"
24.91301667,91.9537,NA,NA,NA,NA,"All Households"
24.92186667,91.8716,NA,NA,NA,NA,"All Households"
24.9198,91.873,NA,NA,NA,NA,"All Households"
24.92043333,91.8727,NA,NA,NA,NA,"All Households"
24.92266667,91.85093333,NA,NA,NA,NA,"All Households"
24.92043333,91.8727,NA,NA,NA,NA,"All Households"
24.92045,91.87111667,NA,NA,NA,NA,"All Households"
24.92123333,91.87166667,NA,NA,NA,NA,"All Households"
24.92138333,91.87128333,NA,NA,NA,NA,"All Households"
24.92335,91.87055,NA,NA,NA,NA,"All Households"
24.44413333,89.82578333,NA,NA,NA,NA,"All Households"
24.44486667,89.82693333,NA,NA,NA,NA,"All Households"
24.44616667,89.82666667,NA,NA,NA,NA,"All Households"
24.44718333,89.8265,NA,NA,NA,NA,"All Households"
24.44686667,89.82506667,NA,NA,NA,NA,"All Households"
24.44743333,89.82506667,NA,NA,NA,NA,"All Households"
24.44565,89.824,NA,NA,NA,NA,"All Households"
24.44598333,89.82353333,NA,NA,NA,NA,"All Households"
24.4598,90.06908333,NA,NA,NA,NA,"All Households"
24.45983333,90.06858333,NA,NA,NA,NA,"All Households"
24.45693333,90.06483333,NA,NA,NA,NA,"All Households"
24.45748333,90.0647,NA,NA,NA,NA,"All Households"
24.45575,90.0638,NA,NA,NA,NA,"All Households"
24.45483333,90.05098333,NA,NA,NA,NA,"All Households"
24.55633333,89.88411667,NA,NA,NA,NA,"All Households"
24.55588333,89.88335,NA,NA,NA,NA,"All Households"
24.5546,89.88446667,NA,NA,NA,NA,"All Households"
24.55548333,89.8841,NA,NA,NA,NA,"All Households"
24.55555,89.88501667,NA,NA,NA,NA,"All Households"
24.37156667,90.05345,NA,NA,NA,NA,"All Households"
24.37578333,90.05468333,NA,NA,NA,NA,"All Households"
24.37748333,90.05405,NA,NA,NA,NA,"All Households"
24.37783333,90.05256667,NA,NA,NA,NA,"All Households"
24.37721667,90.05385,NA,NA,NA,NA,"All Households"
24.37216667,90.05235,NA,NA,NA,NA,"All Households"
24.37216667,90.05235,NA,NA,NA,NA,"All Households"
24.56983333,90.02176667,NA,NA,NA,NA,"All Households"
24.56846667,90.02055,NA,NA,NA,NA,"All Households"
24.56928333,90.02146667,NA,NA,NA,NA,"All Households"
24.56765,90.02005,NA,NA,NA,NA,"All Households"
24.6561,89.88761667,NA,NA,NA,NA,"All Households"
24.65855,89.88655,NA,NA,NA,NA,"All Households"
24.65925,89.88636667,NA,NA,NA,NA,"All Households"
24.66236667,89.88758333,NA,NA,NA,NA,"All Households"
24.66426667,89.88645,NA,NA,NA,NA,"All Households"
24.66383333,89.88578333,NA,NA,NA,NA,"All Households"
24.66241667,89.88448333,NA,NA,NA,NA,"All Households"
24.66203333,89.88963333,NA,NA,NA,NA,"All Households"
24.12836667,90.03386667,NA,NA,NA,NA,"All Households"
24.10841667,89.88503333,NA,NA,NA,NA,"All Households"
24.10738333,89.88645,NA,NA,NA,NA,"All Households"
24.10725,89.88508333,NA,NA,NA,NA,"All Households"
24.10793333,89.88135,NA,NA,NA,NA,"All Households"
24.10653333,89.88093333,NA,NA,NA,NA,"All Households"
24.40741667,90.22293333,NA,NA,NA,NA,"All Households"
24.4125,90.22565,NA,NA,NA,NA,"All Households"
24.41026667,90.22418333,NA,NA,NA,NA,"All Households"
24.4062,90.22153333,NA,NA,NA,NA,"All Households"
24.39016667,90.18393333,NA,NA,NA,NA,"All Households"
24.4084,90.22065,NA,NA,NA,NA,"All Households"
24.4112,90.21606667,NA,NA,NA,NA,"All Households"
24.40315,90.22495,NA,NA,NA,NA,"All Households"
24.41095,90.20388333,NA,NA,NA,NA,"All Households"
24.42346667,90.21455,NA,NA,NA,NA,"All Households"
24.4185,90.21195,NA,NA,NA,NA,"All Households"
26.185,88.28011667,NA,NA,NA,NA,"All Households"
26.18368333,88.27926667,NA,NA,NA,NA,"All Households"
26.1796,88.28223333,NA,NA,NA,NA,"All Households"
26.18181667,88.26838333,NA,NA,NA,NA,"All Households"
25.95578333,88.25243333,NA,NA,NA,NA,"All Households"
25.95618333,88.25375,NA,NA,NA,NA,"All Households"
25.96231667,88.2513,NA,NA,NA,NA,"All Households"
25.957,88.25008333,NA,NA,NA,NA,"All Households"
25.957,88.2501,NA,NA,NA,NA,"All Households"
25.96256667,88.25551667,NA,NA,NA,NA,"All Households"
25.95793333,88.25166667,NA,NA,NA,NA,"All Households"
25.69808333,89.44493333,NA,NA,NA,NA,"All Households"
22.2713,90.98856667,"8/10/2017","8/26/2017",2,"Monsoonal rain","Flood Affected"
22.27316667,90.96693333,"8/10/2017","8/26/2017",2,"Monsoonal rain","Flood Affected"
22.27733333,90.97456667,"8/10/2017","8/26/2017",2,"Monsoonal rain","Flood Affected"
22.27921667,90.97735,"8/10/2017","8/26/2017",2,"Monsoonal rain","Flood Affected"
22.27936667,90.97553333,"8/10/2017","8/26/2017",2,"Monsoonal rain","Flood Affected"
22.28446667,90.97266667,"8/10/2017","8/26/2017",2,"Monsoonal rain","Flood Affected"
22.63431667,90.95011667,"8/10/2017","8/26/2017",2,"Monsoonal rain","Flood Affected"
22.65248333,90.94991667,"8/10/2017","8/26/2017",2,"Monsoonal rain","Flood Affected"
22.65251667,90.94855,"8/10/2017","8/26/2017",2,"Monsoonal rain","Flood Affected"
22.35955,91.10538333,"8/10/2017","8/26/2017",2,"Monsoonal rain","Flood Affected"
22.35968333,91.09843333,"8/10/2017","8/26/2017",2,"Monsoonal rain","Flood Affected"
22.36026667,91.09788333,"8/10/2017","8/26/2017",2,"Monsoonal rain","Flood Affected"
22.36035,91.10581667,"8/10/2017","8/26/2017",2,"Monsoonal rain","Flood Affected"
22.3611,91.1165,"8/10/2017","8/26/2017",2,"Monsoonal rain","Flood Affected"
22.36126667,91.10061667,"8/10/2017","8/26/2017",2,"Monsoonal rain","Flood Affected"
22.58083333,90.16523333,"8/10/2017","8/26/2017",2,"Monsoonal rain","Flood Affected"
23.19876667,90.09623333,"8/10/2017","8/26/2017",2,"Monsoonal rain","Flood Affected"
23.19926667,90.09613333,"8/10/2017","8/26/2017",2,"Monsoonal rain","Flood Affected"
23.19958333,90.0962,"8/10/2017","8/26/2017",2,"Monsoonal rain","Flood Affected"
23.1996,90.09641667,"8/10/2017","8/26/2017",2,"Monsoonal rain","Flood Affected"
23.20126667,90.09635,"8/10/2017","8/26/2017",2,"Monsoonal rain","Flood Affected"
23.20178333,90.0964,"8/10/2017","8/26/2017",2,"Monsoonal rain","Flood Affected"
23.37348333,90.22985,"8/10/2017","8/26/2017",2,"Monsoonal rain","Flood Affected"
23.37541667,90.2293,"8/10/2017","8/26/2017",2,"Monsoonal rain","Flood Affected"
23.377,90.23056667,"8/10/2017","8/26/2017",2,"Monsoonal rain","Flood Affected"
22.9222,90.5092,"8/10/2017","8/26/2017",2,"Monsoonal rain","Flood Affected"
22.92248333,90.5075,"8/10/2017","8/26/2017",2,"Monsoonal rain","Flood Affected"
22.92261667,90.5081,"8/10/2017","8/26/2017",2,"Monsoonal rain","Flood Affected"
22.92365,90.51156667,"8/10/2017","8/26/2017",2,"Monsoonal rain","Flood Affected"
22.92365,90.51156667,"8/10/2017","8/26/2017",2,"Monsoonal rain","Flood Affected"
22.92438333,90.50703333,"8/10/2017","8/26/2017",2,"Monsoonal rain","Flood Affected"
22.9277,90.50798333,"8/10/2017","8/26/2017",2,"Monsoonal rain","Flood Affected"
23.08683333,90.68336667,"8/10/2017","8/26/2017",2,"Monsoonal rain","Flood Affected"
23.08696667,90.68301667,"8/10/2017","8/26/2017",2,"Monsoonal rain","Flood Affected"
23.08743333,90.6855,"8/10/2017","8/26/2017",2,"Monsoonal rain","Flood Affected"
22.97206667,90.39638333,"8/10/2017","8/26/2017",2,"Monsoonal rain","Flood Affected"
22.97396667,90.39078333,"8/10/2017","8/26/2017",2,"Monsoonal rain","Flood Affected"
22.97428333,90.3908,"8/10/2017","8/26/2017",2,"Monsoonal rain","Flood Affected"
22.97428333,90.39068333,"8/10/2017","8/26/2017",2,"Monsoonal rain","Flood Affected"
23.05866667,90.28336667,"8/10/2017","8/26/2017",2,"Monsoonal rain","Flood Affected"
23.06223333,90.28236667,"8/10/2017","8/26/2017",2,"Monsoonal rain","Flood Affected"
23.06733333,90.28338333,"8/10/2017","8/26/2017",2,"Monsoonal rain","Flood Affected"
23.0737,90.2913,"8/10/2017","8/26/2017",2,"Monsoonal rain","Flood Affected"
23.0752,90.29251667,"8/10/2017","8/26/2017",2,"Monsoonal rain","Flood Affected"
23.07558333,90.29046667,"8/10/2017","8/26/2017",2,"Monsoonal rain","Flood Affected"
23.19505,90.70831667,"8/10/2017","8/26/2017",2,"Monsoonal rain","Flood Affected"
23.19595,90.71083333,"8/10/2017","8/26/2017",2,"Monsoonal rain","Flood Affected"
23.19613333,90.70998333,"8/10/2017","8/26/2017",2,"Monsoonal rain","Flood Affected"
23.19693333,90.70931667,"8/10/2017","8/26/2017",2,"Monsoonal rain","Flood Affected"
23.08828333,90.68473333,"8/10/2017","8/26/2017",2,"Monsoonal rain","Flood Affected"
23.0892,90.6839,"8/10/2017","8/26/2017",2,"Monsoonal rain","Flood Affected"
23.10616667,90.5004,"8/10/2017","8/26/2017",2,"Monsoonal rain","Flood Affected"
23.10831667,90.50963333,"8/10/2017","8/26/2017",2,"Monsoonal rain","Flood Affected"
23.11035,90.50593333,"8/10/2017","8/26/2017",2,"Monsoonal rain","Flood Affected"
23.1109,90.50676667,"8/10/2017","8/26/2017",2,"Monsoonal rain","Flood Affected"
23.18626667,90.58376667,"8/10/2017","8/26/2017",2,"Monsoonal rain","Flood Affected"
23.1865,90.58338333,"8/10/2017","8/26/2017",2,"Monsoonal rain","Flood Affected"
23.18735,90.58255,"8/10/2017","8/26/2017",2,"Monsoonal rain","Flood Affected"
23.1875,90.56748333,"8/10/2017","8/26/2017",2,"Monsoonal rain","Flood Affected"
23.07563333,90.29256667,"8/10/2017","8/26/2017",2,"Monsoonal rain","Flood Affected"
23.105,90.50035,"8/10/2017","8/26/2017",2,"Monsoonal rain","Flood Affected"
23.1065,90.50036667,"8/10/2017","8/26/2017",2,"Monsoonal rain","Flood Affected"
23.27633333,90.30275,"8/10/2017","8/26/2017",2,"Monsoonal rain","Flood Affected"
23.27745,90.3037,"8/10/2017","8/26/2017",2,"Monsoonal rain","Flood Affected"
23.27783333,90.30491667,"8/10/2017","8/26/2017",2,"Monsoonal rain","Flood Affected"
23.2786,90.3047,"8/10/2017","8/26/2017",2,"Monsoonal rain","Flood Affected"
23.2802,90.30311667,"8/10/2017","8/26/2017",2,"Monsoonal rain","Flood Affected"
23.2815,90.30201667,"8/10/2017","8/26/2017",2,"Monsoonal rain","Flood Affected"
23.28216667,90.30098333,"8/10/2017","8/26/2017",2,"Monsoonal rain","Flood Affected"
23.19776667,90.70858333,"8/10/2017","8/26/2017",2,"Monsoonal rain","Flood Affected"
23.26306667,90.70845,"8/10/2017","8/26/2017",2,"Monsoonal rain","Flood Affected"
23.26306667,90.70845,"8/10/2017","8/26/2017",2,"Monsoonal rain","Flood Affected"
23.26343333,90.70136667,"8/10/2017","8/26/2017",2,"Monsoonal rain","Flood Affected"
23.26356667,90.70755,"8/10/2017","8/26/2017",2,"Monsoonal rain","Flood Affected"
23.26456667,90.7019,"8/10/2017","8/26/2017",2,"Monsoonal rain","Flood Affected"
23.26456667,90.7019,"8/10/2017","8/26/2017",2,"Monsoonal rain","Flood Affected"
23.26468333,90.70136667,"8/10/2017","8/26/2017",2,"Monsoonal rain","Flood Affected"
23.26473333,90.70745,"8/10/2017","8/26/2017",2,"Monsoonal rain","Flood Affected"
23.26483333,90.70213333,"8/10/2017","8/26/2017",2,"Monsoonal rain","Flood Affected"
23.26553333,90.70693333,"8/10/2017","8/26/2017",2,"Monsoonal rain","Flood Affected"
23.26558333,90.70143333,"8/10/2017","8/26/2017",2,"Monsoonal rain","Flood Affected"
23.26576667,90.70138333,"8/10/2017","8/26/2017",2,"Monsoonal rain","Flood Affected"
23.269,90.75938333,"8/10/2017","8/26/2017",2,"Monsoonal rain","Flood Affected"
23.26933333,90.75593333,"8/10/2017","8/26/2017",2,"Monsoonal rain","Flood Affected"
23.27181667,90.75785,"8/10/2017","8/26/2017",2,"Monsoonal rain","Flood Affected"
23.18808333,90.58741667,"8/10/2017","8/26/2017",2,"Monsoonal rain","Flood Affected"
23.18845,90.5859,"8/10/2017","8/26/2017",2,"Monsoonal rain","Flood Affected"
23.18866667,90.58396667,"8/10/2017","8/26/2017",2,"Monsoonal rain","Flood Affected"
23.18926667,90.58553333,"8/10/2017","8/26/2017",2,"Monsoonal rain","Flood Affected"
23.18956667,90.58073333,"8/10/2017","8/26/2017",2,"Monsoonal rain","Flood Affected"
23.19048333,90.58338333,"8/10/2017","8/26/2017",2,"Monsoonal rain","Flood Affected"
23.19093333,90.58291667,"8/10/2017","8/26/2017",2,"Monsoonal rain","Flood Affected"
23.19161667,90.5811,"8/10/2017","8/26/2017",2,"Monsoonal rain","Flood Affected"
23.2365,90.58281667,"8/10/2017","8/26/2017",2,"Monsoonal rain","Flood Affected"
23.37988333,90.22995,"8/10/2017","8/26/2017",2,"Monsoonal rain","Flood Affected"
23.43356667,90.08415,"8/10/2017","8/26/2017",2,"Monsoonal rain","Flood Affected"
23.4355,90.08398333,"8/10/2017","8/26/2017",2,"Monsoonal rain","Flood Affected"
23.43566667,90.08415,"8/10/2017","8/26/2017",2,"Monsoonal rain","Flood Affected"
23.43685,90.10016667,"8/10/2017","8/26/2017",2,"Monsoonal rain","Flood Affected"
23.43696667,90.09933333,"8/10/2017","8/26/2017",2,"Monsoonal rain","Flood Affected"
23.43721667,90.09436667,"8/10/2017","8/26/2017",2,"Monsoonal rain","Flood Affected"
23.43741667,90.09598333,"8/10/2017","8/26/2017",2,"Monsoonal rain","Flood Affected"
23.5444,90.18208333,"8/10/2017","8/26/2017",2,"Monsoonal rain","Flood Affected"
23.5448,90.18201667,"8/10/2017","8/26/2017",2,"Monsoonal rain","Flood Affected"
22.00816667,90.45081667,"8/10/2017","8/26/2017",2,"Monsoonal rain","Flood Affected"
22.01196667,90.45308333,"8/10/2017","8/26/2017",2,"Monsoonal rain","Flood Affected"
22.01201667,90.44778333,"8/10/2017","8/26/2017",2,"Monsoonal rain","Flood Affected"
22.0122,90.45403333,"8/10/2017","8/26/2017",2,"Monsoonal rain","Flood Affected"
22.01241667,90.45613333,"8/10/2017","8/26/2017",2,"Monsoonal rain","Flood Affected"
22.01331667,90.44426667,"8/10/2017","8/26/2017",2,"Monsoonal rain","Flood Affected"
22.01341667,90.46336667,"8/10/2017","8/26/2017",2,"Monsoonal rain","Flood Affected"
22.01355,90.45373333,"8/10/2017","8/26/2017",2,"Monsoonal rain","Flood Affected"
22.01723333,90.46566667,"8/10/2017","8/26/2017",2,"Monsoonal rain","Flood Affected"
22.01793333,90.46098333,"8/10/2017","8/26/2017",2,"Monsoonal rain","Flood Affected"
22.07835,90.63956667,"8/10/2017","8/26/2017",2,"Monsoonal rain","Flood Affected"
22.08423333,90.64886667,"8/10/2017","8/26/2017",2,"Monsoonal rain","Flood Affected"
22.08483333,90.63388333,"8/10/2017","8/26/2017",2,"Monsoonal rain","Flood Affected"
22.08593333,90.64901667,"8/10/2017","8/26/2017",2,"Monsoonal rain","Flood Affected"
22.088,90.6472,"8/10/2017","8/26/2017",2,"Monsoonal rain","Flood Affected"
22.45298333,90.58508333,"8/10/2017","8/26/2017",2,"Monsoonal rain","Flood Affected"
22.45606667,90.5803,"8/10/2017","8/26/2017",2,"Monsoonal rain","Flood Affected"
22.4566,90.58355,"8/10/2017","8/26/2017",2,"Monsoonal rain","Flood Affected"
22.45843333,90.58783333,"8/10/2017","8/26/2017",2,"Monsoonal rain","Flood Affected"
22.45843333,90.58783333,"8/10/2017","8/26/2017",2,"Monsoonal rain","Flood Affected"
22.08588333,90.2279,"8/10/2017","8/26/2017",2,"Monsoonal rain","Flood Affected"
22.08785,90.22705,"8/10/2017","8/26/2017",2,"Monsoonal rain","Flood Affected"
22.09758333,90.2238,"8/10/2017","8/26/2017",2,"Monsoonal rain","Flood Affected"
22.10235,90.22041667,"8/10/2017","8/26/2017",2,"Monsoonal rain","Flood Affected"
22.10411667,90.22818333,"8/10/2017","8/26/2017",2,"Monsoonal rain","Flood Affected"
22.18331667,90.07926667,"8/10/2017","8/26/2017",2,"Monsoonal rain","Flood Affected"
22.1853,90.08011667,"8/10/2017","8/26/2017",2,"Monsoonal rain","Flood Affected"
22.46166667,90.17135,"8/10/2017","8/26/2017",2,"Monsoonal rain","Flood Affected"
22.4628,90.16821667,"8/10/2017","8/26/2017",2,"Monsoonal rain","Flood Affected"
22.4628,90.16821667,"8/10/2017","8/26/2017",2,"Monsoonal rain","Flood Affected"
22.41703333,90.23395,"8/10/2017","8/26/2017",2,"Monsoonal rain","Flood Affected"
22.41898333,90.24413333,"8/10/2017","8/26/2017",2,"Monsoonal rain","Flood Affected"
22.42033333,90.24453333,"8/10/2017","8/26/2017",2,"Monsoonal rain","Flood Affected"
22.42041667,90.24835,"8/10/2017","8/26/2017",2,"Monsoonal rain","Flood Affected"
22.42163333,90.24793333,"8/10/2017","8/26/2017",2,"Monsoonal rain","Flood Affected"
22.42426667,90.24755,"8/10/2017","8/26/2017",2,"Monsoonal rain","Flood Affected"
22.42585,90.24828333,"8/10/2017","8/26/2017",2,"Monsoonal rain","Flood Affected"
22.5076,90.3095,"8/10/2017","8/26/2017",2,"Monsoonal rain","Flood Affected"
22.50963333,90.30741667,"8/10/2017","8/26/2017",2,"Monsoonal rain","Flood Affected"
22.51083333,90.3064,"8/10/2017","8/26/2017",2,"Monsoonal rain","Flood Affected"
22.51205,90.30323333,"8/10/2017","8/26/2017",2,"Monsoonal rain","Flood Affected"
22.51335,90.3059,"8/10/2017","8/26/2017",2,"Monsoonal rain","Flood Affected"
22.5141,90.30363333,"8/10/2017","8/26/2017",2,"Monsoonal rain","Flood Affected"
22.70483333,90.2834,"8/10/2017","8/26/2017",2,"Monsoonal rain","Flood Affected"
22.7067,90.2835,"8/10/2017","8/26/2017",2,"Monsoonal rain","Flood Affected"
22.70995,90.28423333,"8/10/2017","8/26/2017",2,"Monsoonal rain","Flood Affected"
22.7109,90.28268333,"8/10/2017","8/26/2017",2,"Monsoonal rain","Flood Affected"
22.71133333,90.28145,"8/10/2017","8/26/2017",2,"Monsoonal rain","Flood Affected"
22.7123,90.27646667,"8/10/2017","8/26/2017",2,"Monsoonal rain","Flood Affected"
22.7129,90.2802,"8/10/2017","8/26/2017",2,"Monsoonal rain","Flood Affected"
22.62333333,90.68375,"8/10/2017","8/26/2017",2,"Monsoonal rain","Flood Affected"
22.62383333,90.68376667,"8/10/2017","8/26/2017",2,"Monsoonal rain","Flood Affected"
22.6345,90.68388333,"8/10/2017","8/26/2017",2,"Monsoonal rain","Flood Affected"
22.63511667,90.68923333,"8/10/2017","8/26/2017",2,"Monsoonal rain","Flood Affected"
22.6352,90.68885,"8/10/2017","8/26/2017",2,"Monsoonal rain","Flood Affected"
22.6356,90.69081667,"8/10/2017","8/26/2017",2,"Monsoonal rain","Flood Affected"
22.66733333,90.56736667,"8/10/2017","8/26/2017",2,"Monsoonal rain","Flood Affected"
22.669,90.5675,"8/10/2017","8/26/2017",2,"Monsoonal rain","Flood Affected"
22.669,90.58033333,"8/10/2017","8/26/2017",2,"Monsoonal rain","Flood Affected"
22.6699,90.58021667,"8/10/2017","8/26/2017",2,"Monsoonal rain","Flood Affected"
22.71306667,90.27898333,"8/10/2017","8/26/2017",2,"Monsoonal rain","Flood Affected"
22.7136,90.26758333,"8/10/2017","8/26/2017",2,"Monsoonal rain","Flood Affected"
22.71368333,90.27686667,"8/10/2017","8/26/2017",2,"Monsoonal rain","Flood Affected"
22.82805,90.34495,"8/10/2017","8/26/2017",2,"Monsoonal rain","Flood Affected"
22.83346667,90.34033333,"8/10/2017","8/26/2017",2,"Monsoonal rain","Flood Affected"
22.83421667,90.26703333,"8/10/2017","8/26/2017",2,"Monsoonal rain","Flood Affected"
22.83421667,90.26703333,"8/10/2017","8/26/2017",2,"Monsoonal rain","Flood Affected"
22.83516667,90.33393333,"8/10/2017","8/26/2017",2,"Monsoonal rain","Flood Affected"
22.8352,90.33946667,"8/10/2017","8/26/2017",2,"Monsoonal rain","Flood Affected"
22.83651667,90.34235,"8/10/2017","8/26/2017",2,"Monsoonal rain","Flood Affected"
22.67026667,90.57975,"8/10/2017","8/26/2017",2,"Monsoonal rain","Flood Affected"
22.67028333,90.57973333,"8/10/2017","8/26/2017",2,"Monsoonal rain","Flood Affected"
22.67038333,90.58011667,"8/10/2017","8/26/2017",2,"Monsoonal rain","Flood Affected"
22.67175,90.57831667,"8/10/2017","8/26/2017",2,"Monsoonal rain","Flood Affected"
22.67185,90.57813333,"8/10/2017","8/26/2017",2,"Monsoonal rain","Flood Affected"
22.672,90.57948333,"8/10/2017","8/26/2017",2,"Monsoonal rain","Flood Affected"
22.67201667,90.5767,"8/10/2017","8/26/2017",2,"Monsoonal rain","Flood Affected"
22.9176,90.51185,"8/10/2017","8/26/2017",2,"Monsoonal rain","Flood Affected"
22.919,90.5007,"8/10/2017","8/26/2017",2,"Monsoonal rain","Flood Affected"
22.919,90.5007,"8/10/2017","8/26/2017",2,"Monsoonal rain","Flood Affected"
22.6319,90.69146667,"8/10/2017","8/26/2017",2,"Monsoonal rain","Flood Affected"
22.6327,90.69585,"8/10/2017","8/26/2017",2,"Monsoonal rain","Flood Affected"
22.63576667,90.6922,"8/10/2017","8/26/2017",2,"Monsoonal rain","Flood Affected"
22.94886667,90.78386667,"8/10/2017","8/26/2017",2,"Monsoonal rain","Flood Affected"
22.94895,90.78356667,"8/10/2017","8/26/2017",2,"Monsoonal rain","Flood Affected"
22.949,90.78225,"8/10/2017","8/26/2017",2,"Monsoonal rain","Flood Affected"
22.95148333,90.78328333,"8/10/2017","8/26/2017",2,"Monsoonal rain","Flood Affected"
22.95261667,90.78473333,"8/10/2017","8/26/2017",2,"Monsoonal rain","Flood Affected"
23.00683333,90.7837,"8/10/2017","8/26/2017",2,"Monsoonal rain","Flood Affected"
22.83915,90.33571667,"8/10/2017","8/26/2017",2,"Monsoonal rain","Flood Affected"
22.8416,90.33505,"8/10/2017","8/26/2017",2,"Monsoonal rain","Flood Affected"
22.8424,90.334,"8/10/2017","8/26/2017",2,"Monsoonal rain","Flood Affected"
22.843,90.31728333,"8/10/2017","8/26/2017",2,"Monsoonal rain","Flood Affected"
22.84763333,90.2705,"8/10/2017","8/26/2017",2,"Monsoonal rain","Flood Affected"
22.84951667,90.27058333,"8/10/2017","8/26/2017",2,"Monsoonal rain","Flood Affected"
22.8497,90.27348333,"8/10/2017","8/26/2017",2,"Monsoonal rain","Flood Affected"
22.96811667,90.3936,"8/10/2017","8/26/2017",2,"Monsoonal rain","Flood Affected"
22.96843333,90.39195,"8/10/2017","8/26/2017",2,"Monsoonal rain","Flood Affected"
22.96978333,90.39495,"8/10/2017","8/26/2017",2,"Monsoonal rain","Flood Affected"
22.13851667,90.01206667,"8/10/2017","8/26/2017",2,"Monsoonal rain","Flood Affected"
22.13911667,90.02011667,"8/10/2017","8/26/2017",2,"Monsoonal rain","Flood Affected"
22.14103333,90.0203,"8/10/2017","8/26/2017",2,"Monsoonal rain","Flood Affected"
22.1415,90.00075,"8/10/2017","8/26/2017",2,"Monsoonal rain","Flood Affected"
22.14505,90.0219,"8/10/2017","8/26/2017",2,"Monsoonal rain","Flood Affected"
22.1452,90.02183333,"8/10/2017","8/26/2017",2,"Monsoonal rain","Flood Affected"
22.25358333,89.95258333,"8/10/2017","8/26/2017",2,"Monsoonal rain","Flood Affected"
22.25485,89.96951667,"8/10/2017","8/26/2017",2,"Monsoonal rain","Flood Affected"
22.2552,89.95721667,"8/10/2017","8/26/2017",2,"Monsoonal rain","Flood Affected"
22.25543333,89.97031667,"8/10/2017","8/26/2017",2,"Monsoonal rain","Flood Affected"
22.25565,89.96628333,"8/10/2017","8/26/2017",2,"Monsoonal rain","Flood Affected"
22.25666667,89.95855,"8/10/2017","8/26/2017",2,"Monsoonal rain","Flood Affected"
22.3005,89.8343,"8/10/2017","8/26/2017",2,"Monsoonal rain","Flood Affected"
22.30513333,89.84623333,"8/10/2017","8/26/2017",2,"Monsoonal rain","Flood Affected"
22.30568333,89.84646667,"8/10/2017","8/26/2017",2,"Monsoonal rain","Flood Affected"
22.30648333,89.8495,"8/10/2017","8/26/2017",2,"Monsoonal rain","Flood Affected"
22.30695,89.84923333,"8/10/2017","8/26/2017",2,"Monsoonal rain","Flood Affected"
22.30773333,89.85415,"8/10/2017","8/26/2017",2,"Monsoonal rain","Flood Affected"
22.31093333,89.8473,"8/10/2017","8/26/2017",2,"Monsoonal rain","Flood Affected"
22.45783333,89.92343333,"8/10/2017","8/26/2017",2,"Monsoonal rain","Flood Affected"
22.46633333,90.17228333,"8/10/2017","8/26/2017",2,"Monsoonal rain","Flood Affected"
22.46748333,90.16591667,"8/10/2017","8/26/2017",2,"Monsoonal rain","Flood Affected"
22.46781667,90.16708333,"8/10/2017","8/26/2017",2,"Monsoonal rain","Flood Affected"
22.476,90.06686667,"8/10/2017","8/26/2017",2,"Monsoonal rain","Flood Affected"
22.4767,90.07441667,"8/10/2017","8/26/2017",2,"Monsoonal rain","Flood Affected"
22.4769,90.07198333,"8/10/2017","8/26/2017",2,"Monsoonal rain","Flood Affected"
22.47736667,90.06995,"8/10/2017","8/26/2017",2,"Monsoonal rain","Flood Affected"
22.4776,90.08233333,"8/10/2017","8/26/2017",2,"Monsoonal rain","Flood Affected"
22.47846667,90.07795,"8/10/2017","8/26/2017",2,"Monsoonal rain","Flood Affected"
22.47953333,90.077,"8/10/2017","8/26/2017",2,"Monsoonal rain","Flood Affected"
22.48018333,90.07291667,"8/10/2017","8/26/2017",2,"Monsoonal rain","Flood Affected"
22.48241667,90.06945,"8/10/2017","8/26/2017",2,"Monsoonal rain","Flood Affected"
22.5722,90.17546667,"8/10/2017","8/26/2017",2,"Monsoonal rain","Flood Affected"
22.57618333,90.16865,"8/10/2017","8/26/2017",2,"Monsoonal rain","Flood Affected"
22.57683333,90.16876667,"8/10/2017","8/26/2017",2,"Monsoonal rain","Flood Affected"
22.57923333,90.16473333,"8/10/2017","8/26/2017",2,"Monsoonal rain","Flood Affected"
22.57956667,90.1661,"8/10/2017","8/26/2017",2,"Monsoonal rain","Flood Affected"
22.58025,90.16873333,"8/10/2017","8/26/2017",2,"Monsoonal rain","Flood Affected"
22.5805,90.16596667,"8/10/2017","8/26/2017",2,"Monsoonal rain","Flood Affected"
22.58066667,90.16965,"8/10/2017","8/26/2017",2,"Monsoonal rain","Flood Affected"
22.69515,89.5166,"8/10/2017","8/26/2017",2,"Monsoonal rain","Flood Affected"
22.70583333,89.52186667,"8/10/2017","8/26/2017",2,"Monsoonal rain","Flood Affected"
22.7095,89.75076667,"8/10/2017","8/26/2017",2,"Monsoonal rain","Flood Affected"
22.73391667,89.76691667,"8/10/2017","8/26/2017",2,"Monsoonal rain","Flood Affected"
22.738,89.76706667,"8/10/2017","8/26/2017",2,"Monsoonal rain","Flood Affected"
22.73978333,89.77333333,"8/10/2017","8/26/2017",2,"Monsoonal rain","Flood Affected"
22.74086667,89.77293333,"8/10/2017","8/26/2017",2,"Monsoonal rain","Flood Affected"
22.741,89.63338333,"8/10/2017","8/26/2017",2,"Monsoonal rain","Flood Affected"
22.74163333,89.7733,"8/10/2017","8/26/2017",2,"Monsoonal rain","Flood Affected"
22.74168333,89.77258333,"8/10/2017","8/26/2017",2,"Monsoonal rain","Flood Affected"
22.634,89.98363333,"8/10/2017","8/26/2017",2,"Monsoonal rain","Flood Affected"
22.63578333,89.98463333,"8/10/2017","8/26/2017",2,"Monsoonal rain","Flood Affected"
22.63703333,89.97656667,"8/10/2017","8/26/2017",2,"Monsoonal rain","Flood Affected"
22.63723333,89.97983333,"8/10/2017","8/26/2017",2,"Monsoonal rain","Flood Affected"
22.63731667,89.97906667,"8/10/2017","8/26/2017",2,"Monsoonal rain","Flood Affected"
22.63961667,89.97876667,"8/10/2017","8/26/2017",2,"Monsoonal rain","Flood Affected"
22.99845,89.99356667,"8/10/2017","8/26/2017",2,"Monsoonal rain","Flood Affected"
22.99918333,89.98955,"8/10/2017","8/26/2017",2,"Monsoonal rain","Flood Affected"
22.99943333,89.98865,"8/10/2017","8/26/2017",2,"Monsoonal rain","Flood Affected"
22.99948333,89.99248333,"8/10/2017","8/26/2017",2,"Monsoonal rain","Flood Affected"
22.74238333,89.77266667,"8/10/2017","8/26/2017",2,"Monsoonal rain","Flood Affected"
22.74273333,89.64106667,"8/10/2017","8/26/2017",2,"Monsoonal rain","Flood Affected"
22.74298333,89.77036667,"8/10/2017","8/26/2017",2,"Monsoonal rain","Flood Affected"
22.74321667,89.76858333,"8/10/2017","8/26/2017",2,"Monsoonal rain","Flood Affected"
22.74348333,89.63801667,"8/10/2017","8/26/2017",2,"Monsoonal rain","Flood Affected"
22.74361667,89.63758333,"8/10/2017","8/26/2017",2,"Monsoonal rain","Flood Affected"
22.74396667,89.77033333,"8/10/2017","8/26/2017",2,"Monsoonal rain","Flood Affected"
22.74436667,89.63758333,"8/10/2017","8/26/2017",2,"Monsoonal rain","Flood Affected"
22.74706667,89.6371,"8/10/2017","8/26/2017",2,"Monsoonal rain","Flood Affected"
23.02266667,89.71918333,"8/10/2017","8/26/2017",2,"Monsoonal rain","Flood Affected"
23.02428333,89.72246667,"8/10/2017","8/26/2017",2,"Monsoonal rain","Flood Affected"
23.0249,89.71946667,"8/10/2017","8/26/2017",2,"Monsoonal rain","Flood Affected"
23.02541667,89.7207,"8/10/2017","8/26/2017",2,"Monsoonal rain","Flood Affected"
23.02626667,89.71896667,"8/10/2017","8/26/2017",2,"Monsoonal rain","Flood Affected"
23.029,89.71628333,"8/10/2017","8/26/2017",2,"Monsoonal rain","Flood Affected"
23.14375,89.80325,"8/10/2017","8/26/2017",2,"Monsoonal rain","Flood Affected"
23.14441667,89.80471667,"8/10/2017","8/26/2017",2,"Monsoonal rain","Flood Affected"
23.14505,89.8041,"8/10/2017","8/26/2017",2,"Monsoonal rain","Flood Affected"
23.14555,89.80466667,"8/10/2017","8/26/2017",2,"Monsoonal rain","Flood Affected"
23.14705,89.80391667,"8/10/2017","8/26/2017",2,"Monsoonal rain","Flood Affected"
22.9995,89.99178333,"8/10/2017","8/26/2017",2,"Monsoonal rain","Flood Affected"
23.00188333,89.99711667,"8/10/2017","8/26/2017",2,"Monsoonal rain","Flood Affected"
23.28466667,89.8167,"8/10/2017","8/26/2017",2,"Monsoonal rain","Flood Affected"
23.29355,89.81463333,"8/10/2017","8/26/2017",2,"Monsoonal rain","Flood Affected"
23.29451667,89.81741667,"8/10/2017","8/26/2017",2,"Monsoonal rain","Flood Affected"
23.29453333,89.81738333,"8/10/2017","8/26/2017",2,"Monsoonal rain","Flood Affected"
23.34696667,89.92058333,"8/10/2017","8/26/2017",2,"Monsoonal rain","Flood Affected"
23.34771667,89.92131667,"8/10/2017","8/26/2017",2,"Monsoonal rain","Flood Affected"
23.34921667,89.91965,"8/10/2017","8/26/2017",2,"Monsoonal rain","Flood Affected"
23.34976667,89.92141667,"8/10/2017","8/26/2017",2,"Monsoonal rain","Flood Affected"
23.14908333,89.80405,"8/10/2017","8/26/2017",2,"Monsoonal rain","Flood Affected"
23.15266667,89.7841,"8/10/2017","8/26/2017",2,"Monsoonal rain","Flood Affected"
23.2895,89.80093333,"8/10/2017","8/26/2017",2,"Monsoonal rain","Flood Affected"
23.29293333,89.8134,"8/10/2017","8/26/2017",2,"Monsoonal rain","Flood Affected"
23.29478333,89.81408333,"8/10/2017","8/26/2017",2,"Monsoonal rain","Flood Affected"
23.29545,89.81436667,"8/10/2017","8/26/2017",2,"Monsoonal rain","Flood Affected"
23.30008333,89.70168333,"8/10/2017","8/26/2017",2,"Monsoonal rain","Flood Affected"
23.3001,89.70473333,"8/10/2017","8/26/2017",2,"Monsoonal rain","Flood Affected"
23.30171667,89.69795,"8/10/2017","8/26/2017",2,"Monsoonal rain","Flood Affected"
23.30258333,89.70285,"8/10/2017","8/26/2017",2,"Monsoonal rain","Flood Affected"
22.24753333,89.04606667,"8/10/2017","8/26/2017",2,"Monsoonal rain","Flood Affected"
22.24761667,89.04791667,"8/10/2017","8/26/2017",2,"Monsoonal rain","Flood Affected"
22.2482,89.04876667,"8/10/2017","8/26/2017",2,"Monsoonal rain","Flood Affected"
22.24821667,89.04361667,"8/10/2017","8/26/2017",2,"Monsoonal rain","Flood Affected"
22.24851667,89.04508333,"8/10/2017","8/26/2017",2,"Monsoonal rain","Flood Affected"
22.24856667,89.05056667,"8/10/2017","8/26/2017",2,"Monsoonal rain","Flood Affected"
22.24873333,89.05303333,"8/10/2017","8/26/2017",2,"Monsoonal rain","Flood Affected"
22.24881667,89.0447,"8/10/2017","8/26/2017",2,"Monsoonal rain","Flood Affected"
22.2489,89.05055,"8/10/2017","8/26/2017",2,"Monsoonal rain","Flood Affected"
22.2489,89.06603333,"8/10/2017","8/26/2017",2,"Monsoonal rain","Flood Affected"
22.24918333,89.042,"8/10/2017","8/26/2017",2,"Monsoonal rain","Flood Affected"
22.25126667,89.05923333,"8/10/2017","8/26/2017",2,"Monsoonal rain","Flood Affected"
22.49856667,89.08635,"8/10/2017","8/26/2017",2,"Monsoonal rain","Flood Affected"
22.49906667,89.04381667,"8/10/2017","8/26/2017",2,"Monsoonal rain","Flood Affected"
22.49923333,89.09653333,"8/10/2017","8/26/2017",2,"Monsoonal rain","Flood Affected"
22.49991667,89.08773333,"8/10/2017","8/26/2017",2,"Monsoonal rain","Flood Affected"
22.50008333,89.08881667,"8/10/2017","8/26/2017",2,"Monsoonal rain","Flood Affected"
22.5001,89.08921667,"8/10/2017","8/26/2017",2,"Monsoonal rain","Flood Affected"
22.50028333,89.08955,"8/10/2017","8/26/2017",2,"Monsoonal rain","Flood Affected"
22.5005,89.08378333,"8/10/2017","8/26/2017",2,"Monsoonal rain","Flood Affected"
22.69563333,89.43248333,"8/10/2017","8/26/2017",2,"Monsoonal rain","Flood Affected"
22.69563333,89.43248333,"8/10/2017","8/26/2017",2,"Monsoonal rain","Flood Affected"
22.69678333,89.43196667,"8/10/2017","8/26/2017",2,"Monsoonal rain","Flood Affected"
22.69825,89.43486667,"8/10/2017","8/26/2017",2,"Monsoonal rain","Flood Affected"
22.70118333,89.43611667,"8/10/2017","8/26/2017",2,"Monsoonal rain","Flood Affected"
22.70533333,89.50025,"8/10/2017","8/26/2017",2,"Monsoonal rain","Flood Affected"
22.70935,89.5122,"8/10/2017","8/26/2017",2,"Monsoonal rain","Flood Affected"
22.92095,89.19986667,"8/10/2017","8/26/2017",2,"Monsoonal rain","Flood Affected"
22.9246,89.196,"8/10/2017","8/26/2017",2,"Monsoonal rain","Flood Affected"
22.92608333,89.2006,"8/10/2017","8/26/2017",2,"Monsoonal rain","Flood Affected"
22.95265,89.49886667,"8/10/2017","8/26/2017",2,"Monsoonal rain","Flood Affected"
22.95321667,89.4637,"8/10/2017","8/26/2017",2,"Monsoonal rain","Flood Affected"
22.95506667,89.46291667,"8/10/2017","8/26/2017",2,"Monsoonal rain","Flood Affected"
22.95568333,89.46658333,"8/10/2017","8/26/2017",2,"Monsoonal rain","Flood Affected"
22.95583333,89.4621,"8/10/2017","8/26/2017",2,"Monsoonal rain","Flood Affected"
22.95608333,89.46405,"8/10/2017","8/26/2017",2,"Monsoonal rain","Flood Affected"
22.95701667,89.46526667,"8/10/2017","8/26/2017",2,"Monsoonal rain","Flood Affected"
22.96691667,89.32341667,"8/10/2017","8/26/2017",2,"Monsoonal rain","Flood Affected"
22.96883333,89.31726667,"8/10/2017","8/26/2017",2,"Monsoonal rain","Flood Affected"
22.96968333,89.32415,"8/10/2017","8/26/2017",2,"Monsoonal rain","Flood Affected"
22.5007,89.09038333,"8/10/2017","8/26/2017",2,"Monsoonal rain","Flood Affected"
22.50105,89.09561667,"8/10/2017","8/26/2017",2,"Monsoonal rain","Flood Affected"
22.50125,89.09066667,"8/10/2017","8/26/2017",2,"Monsoonal rain","Flood Affected"
23.25898333,88.9674,"8/10/2017","8/26/2017",2,"Monsoonal rain","Flood Affected"
23.25898333,88.9674,"8/10/2017","8/26/2017",2,"Monsoonal rain","Flood Affected"
23.26063333,88.96933333,"8/10/2017","8/26/2017",2,"Monsoonal rain","Flood Affected"
23.26315,88.96808333,"8/10/2017","8/26/2017",2,"Monsoonal rain","Flood Affected"
23.43633333,89.15001667,"8/10/2017","8/26/2017",2,"Monsoonal rain","Flood Affected"
23.43716667,89.15075,"8/10/2017","8/26/2017",2,"Monsoonal rain","Flood Affected"
23.43848333,89.16166667,"8/10/2017","8/26/2017",2,"Monsoonal rain","Flood Affected"
22.97331667,89.3244,"8/10/2017","8/26/2017",2,"Monsoonal rain","Flood Affected"
22.9777,89.3138,"8/10/2017","8/26/2017",2,"Monsoonal rain","Flood Affected"
23.14438333,89.3025,"8/10/2017","8/26/2017",2,"Monsoonal rain","Flood Affected"
23.14455,89.30355,"8/10/2017","8/26/2017",2,"Monsoonal rain","Flood Affected"
23.14506667,89.30516667,"8/10/2017","8/26/2017",2,"Monsoonal rain","Flood Affected"
23.14805,89.30685,"8/10/2017","8/26/2017",2,"Monsoonal rain","Flood Affected"
23.14866667,89.30658333,"8/10/2017","8/26/2017",2,"Monsoonal rain","Flood Affected"
23.14918333,89.3054,"8/10/2017","8/26/2017",2,"Monsoonal rain","Flood Affected"
23.14975,89.30645,"8/10/2017","8/26/2017",2,"Monsoonal rain","Flood Affected"
23.202,89.43353333,"8/10/2017","8/26/2017",2,"Monsoonal rain","Flood Affected"
22.90633333,88.91741667,"8/10/2017","8/26/2017",2,"Monsoonal rain","Flood Affected"
22.91223333,88.92791667,"8/10/2017","8/26/2017",2,"Monsoonal rain","Flood Affected"
22.91255,88.92631667,"8/10/2017","8/26/2017",2,"Monsoonal rain","Flood Affected"
23.2875,88.76731667,"8/10/2017","8/26/2017",2,"Monsoonal rain","Flood Affected"
23.29233333,88.75091667,"8/10/2017","8/26/2017",2,"Monsoonal rain","Flood Affected"
23.29723333,88.75821667,"8/10/2017","8/26/2017",2,"Monsoonal rain","Flood Affected"
23.29815,88.75783333,"8/10/2017","8/26/2017",2,"Monsoonal rain","Flood Affected"
23.3001,88.75776667,"8/10/2017","8/26/2017",2,"Monsoonal rain","Flood Affected"
23.30083333,88.75045,"8/10/2017","8/26/2017",2,"Monsoonal rain","Flood Affected"
23.30118333,88.75971667,"8/10/2017","8/26/2017",2,"Monsoonal rain","Flood Affected"
23.454,88.81745,"8/10/2017","8/26/2017",2,"Monsoonal rain","Flood Affected"
23.45595,88.8317,"8/10/2017","8/26/2017",2,"Monsoonal rain","Flood Affected"
23.45651667,88.82983333,"8/10/2017","8/26/2017",2,"Monsoonal rain","Flood Affected"
23.45706667,88.83096667,"8/10/2017","8/26/2017",2,"Monsoonal rain","Flood Affected"
23.45825,88.83383333,"8/10/2017","8/26/2017",2,"Monsoonal rain","Flood Affected"
23.45833333,88.83318333,"8/10/2017","8/26/2017",2,"Monsoonal rain","Flood Affected"
23.45918333,88.83245,"8/10/2017","8/26/2017",2,"Monsoonal rain","Flood Affected"
23.46191667,88.83365,"8/10/2017","8/26/2017",2,"Monsoonal rain","Flood Affected"
23.44023333,89.16263333,"8/10/2017","8/26/2017",2,"Monsoonal rain","Flood Affected"
23.66926667,89.05961667,"8/10/2017","8/26/2017",2,"Monsoonal rain","Flood Affected"
23.6699,89.06003333,"8/10/2017","8/26/2017",2,"Monsoonal rain","Flood Affected"
23.67173333,89.05975,"8/10/2017","8/26/2017",2,"Monsoonal rain","Flood Affected"
23.67181667,89.06056667,"8/10/2017","8/26/2017",2,"Monsoonal rain","Flood Affected"
23.67213333,89.05888333,"8/10/2017","8/26/2017",2,"Monsoonal rain","Flood Affected"
23.67301667,89.06043333,"8/10/2017","8/26/2017",2,"Monsoonal rain","Flood Affected"
23.80233333,89.18376667,"8/10/2017","8/26/2017",2,"Monsoonal rain","Flood Affected"
23.80855,89.1909,"8/10/2017","8/26/2017",2,"Monsoonal rain","Flood Affected"
23.81091667,89.18763333,"8/10/2017","8/26/2017",2,"Monsoonal rain","Flood Affected"
23.68391667,89.40068333,"8/10/2017","8/26/2017",2,"Monsoonal rain","Flood Affected"
23.68635,89.42951667,"8/10/2017","8/26/2017",2,"Monsoonal rain","Flood Affected"
23.68708333,89.42966667,"8/10/2017","8/26/2017",2,"Monsoonal rain","Flood Affected"
23.68788333,89.4291,"8/10/2017","8/26/2017",2,"Monsoonal rain","Flood Affected"
23.6918,89.42883333,"8/10/2017","8/26/2017",2,"Monsoonal rain","Flood Affected"
23.80713333,89.19111667,"8/10/2017","8/26/2017",2,"Monsoonal rain","Flood Affected"
23.80835,89.19345,"8/10/2017","8/26/2017",2,"Monsoonal rain","Flood Affected"
23.80995,89.192,"8/10/2017","8/26/2017",2,"Monsoonal rain","Flood Affected"
23.8721,89.38068333,"8/10/2017","8/26/2017",2,"Monsoonal rain","Flood Affected"
23.87351667,89.38221667,"8/10/2017","8/26/2017",2,"Monsoonal rain","Flood Affected"
23.20831667,89.45541667,"8/10/2017","8/26/2017",2,"Monsoonal rain","Flood Affected"
23.29968333,89.47671667,"8/10/2017","8/26/2017",2,"Monsoonal rain","Flood Affected"
23.29996667,89.47486667,"8/10/2017","8/26/2017",2,"Monsoonal rain","Flood Affected"
23.30058333,89.47773333,"8/10/2017","8/26/2017",2,"Monsoonal rain","Flood Affected"
23.30158333,89.47848333,"8/10/2017","8/26/2017",2,"Monsoonal rain","Flood Affected"
23.30223333,89.477,"8/10/2017","8/26/2017",2,"Monsoonal rain","Flood Affected"
23.52991667,89.44658333,"8/10/2017","8/26/2017",2,"Monsoonal rain","Flood Affected"
23.53098333,89.44445,"8/10/2017","8/26/2017",2,"Monsoonal rain","Flood Affected"
23.53108333,89.44383333,"8/10/2017","8/26/2017",2,"Monsoonal rain","Flood Affected"
23.53185,89.44168333,"8/10/2017","8/26/2017",2,"Monsoonal rain","Flood Affected"
23.35,89.9169,"8/10/2017","8/26/2017",2,"Monsoonal rain","Flood Affected"
23.3501,89.92065,"8/10/2017","8/26/2017",2,"Monsoonal rain","Flood Affected"
23.35016667,89.91693333,"8/10/2017","8/26/2017",2,"Monsoonal rain","Flood Affected"
23.35043333,89.92066667,"8/10/2017","8/26/2017",2,"Monsoonal rain","Flood Affected"
23.3505,89.91693333,"8/10/2017","8/26/2017",2,"Monsoonal rain","Flood Affected"
23.35055,89.92113333,"8/10/2017","8/26/2017",2,"Monsoonal rain","Flood Affected"
23.35136667,89.92106667,"8/10/2017","8/26/2017",2,"Monsoonal rain","Flood Affected"
23.352,89.9169,"8/10/2017","8/26/2017",2,"Monsoonal rain","Flood Affected"
23.3535,89.91718333,"8/10/2017","8/26/2017",2,"Monsoonal rain","Flood Affected"
23.4025,89.95058333,"8/10/2017","8/26/2017",2,"Monsoonal rain","Flood Affected"
23.30271667,89.70375,"8/10/2017","8/26/2017",2,"Monsoonal rain","Flood Affected"
23.57215,89.74891667,"8/10/2017","8/26/2017",2,"Monsoonal rain","Flood Affected"
23.57558333,89.7517,"8/10/2017","8/26/2017",2,"Monsoonal rain","Flood Affected"
23.57663333,89.75198333,"8/10/2017","8/26/2017",2,"Monsoonal rain","Flood Affected"
23.58236667,89.75133333,"8/10/2017","8/26/2017",2,"Monsoonal rain","Flood Affected"
23.58236667,89.75133333,"8/10/2017","8/26/2017",2,"Monsoonal rain","Flood Affected"
23.58241667,89.7493,"8/10/2017","8/26/2017",2,"Monsoonal rain","Flood Affected"
23.58451667,89.7515,"8/10/2017","8/26/2017",2,"Monsoonal rain","Flood Affected"
23.58466667,89.73428333,"8/10/2017","8/26/2017",2,"Monsoonal rain","Flood Affected"
23.58673333,89.74936667,"8/10/2017","8/26/2017",2,"Monsoonal rain","Flood Affected"
23.40266667,89.9505,"8/10/2017","8/26/2017",2,"Monsoonal rain","Flood Affected"
23.40311667,89.95995,"8/10/2017","8/26/2017",2,"Monsoonal rain","Flood Affected"
23.40368333,89.95998333,"8/10/2017","8/26/2017",2,"Monsoonal rain","Flood Affected"
23.40375,89.96035,"8/10/2017","8/26/2017",2,"Monsoonal rain","Flood Affected"
23.40441667,89.9599,"8/10/2017","8/26/2017",2,"Monsoonal rain","Flood Affected"
23.40496667,89.9599,"8/10/2017","8/26/2017",2,"Monsoonal rain","Flood Affected"
23.40556667,89.961,"8/10/2017","8/26/2017",2,"Monsoonal rain","Flood Affected"
23.40583333,89.96003333,"8/10/2017","8/26/2017",2,"Monsoonal rain","Flood Affected"
23.40623333,89.96086667,"8/10/2017","8/26/2017",2,"Monsoonal rain","Flood Affected"
23.5448,90.18201667,"8/10/2017","8/26/2017",2,"Monsoonal rain","Flood Affected"
23.5456,90.18188333,"8/10/2017","8/26/2017",2,"Monsoonal rain","Flood Affected"
23.54595,90.18253333,"8/10/2017","8/26/2017",2,"Monsoonal rain","Flood Affected"
23.54623333,90.1819,"8/10/2017","8/26/2017",2,"Monsoonal rain","Flood Affected"
23.5463,90.182,"8/10/2017","8/26/2017",2,"Monsoonal rain","Flood Affected"
23.54661667,90.1817,"8/10/2017","8/26/2017",2,"Monsoonal rain","Flood Affected"
23.91435,89.81706667,"8/10/2017","8/26/2017",2,"Monsoonal rain","Flood Affected"
23.9152,89.81733333,"8/10/2017","8/26/2017",2,"Monsoonal rain","Flood Affected"
23.91653333,89.81551667,"8/10/2017","8/26/2017",2,"Monsoonal rain","Flood Affected"
23.90095,89.80098333,"8/10/2017","8/26/2017",2,"Monsoonal rain","Flood Affected"
23.90895,89.81408333,"8/10/2017","8/26/2017",2,"Monsoonal rain","Flood Affected"
23.91763333,89.81315,"8/10/2017","8/26/2017",2,"Monsoonal rain","Flood Affected"
24.01858333,89.62695,"8/10/2017","8/26/2017",2,"Monsoonal rain","Flood Affected"
24.0197,89.62641667,"8/10/2017","8/26/2017",2,"Monsoonal rain","Flood Affected"
24.0207,89.62685,"8/10/2017","8/26/2017",2,"Monsoonal rain","Flood Affected"
24.02141667,89.6263,"8/10/2017","8/26/2017",2,"Monsoonal rain","Flood Affected"
24.023,89.62658333,"8/10/2017","8/26/2017",2,"Monsoonal rain","Flood Affected"
23.37565,90.27715,"8/10/2017","8/26/2017",2,"Monsoonal rain","Flood Affected"
23.44528333,90.46206667,"8/10/2017","8/26/2017",2,"Monsoonal rain","Flood Affected"
23.84516667,88.73486667,"8/10/2017","8/26/2017",2,"Monsoonal rain","Flood Affected"
23.84613333,88.73315,"8/10/2017","8/26/2017",2,"Monsoonal rain","Flood Affected"
23.84621667,88.733,"8/10/2017","8/26/2017",2,"Monsoonal rain","Flood Affected"
23.84661667,88.73236667,"8/10/2017","8/26/2017",2,"Monsoonal rain","Flood Affected"
23.84763333,88.73011667,"8/10/2017","8/26/2017",2,"Monsoonal rain","Flood Affected"
23.84866667,88.72886667,"8/10/2017","8/26/2017",2,"Monsoonal rain","Flood Affected"
24.00718333,88.7965,"8/10/2017","8/26/2017",2,"Monsoonal rain","Flood Affected"
23.81123333,89.18913333,"8/10/2017","8/26/2017",2,"Monsoonal rain","Flood Affected"
23.81193333,89.1888,"8/10/2017","8/26/2017",2,"Monsoonal rain","Flood Affected"
23.85048333,89.09585,"8/10/2017","8/26/2017",2,"Monsoonal rain","Flood Affected"
23.85183333,89.09498333,"8/10/2017","8/26/2017",2,"Monsoonal rain","Flood Affected"
23.85235,89.09905,"8/10/2017","8/26/2017",2,"Monsoonal rain","Flood Affected"
23.85375,89.0972,"8/10/2017","8/26/2017",2,"Monsoonal rain","Flood Affected"
23.85386667,89.09425,"8/10/2017","8/26/2017",2,"Monsoonal rain","Flood Affected"
23.85505,89.09795,"8/10/2017","8/26/2017",2,"Monsoonal rain","Flood Affected"
23.85566667,89.097,"8/10/2017","8/26/2017",2,"Monsoonal rain","Flood Affected"
23.87133333,89.067,"8/10/2017","8/26/2017",2,"Monsoonal rain","Flood Affected"
23.8748,89.3769,"8/10/2017","8/26/2017",2,"Monsoonal rain","Flood Affected"
23.87526667,89.37966667,"8/10/2017","8/26/2017",2,"Monsoonal rain","Flood Affected"
23.8753,89.37855,"8/10/2017","8/26/2017",2,"Monsoonal rain","Flood Affected"
23.90733333,89.41733333,"8/10/2017","8/26/2017",2,"Monsoonal rain","Flood Affected"
23.90883333,89.41721667,"8/10/2017","8/26/2017",2,"Monsoonal rain","Flood Affected"
23.90991667,89.4268,"8/10/2017","8/26/2017",2,"Monsoonal rain","Flood Affected"
23.91106667,89.42508333,"8/10/2017","8/26/2017",2,"Monsoonal rain","Flood Affected"
23.91155,89.42571667,"8/10/2017","8/26/2017",2,"Monsoonal rain","Flood Affected"
23.9123,89.42693333,"8/10/2017","8/26/2017",2,"Monsoonal rain","Flood Affected"
23.91291667,89.42615,"8/10/2017","8/26/2017",2,"Monsoonal rain","Flood Affected"
23.91335,89.42515,"8/10/2017","8/26/2017",2,"Monsoonal rain","Flood Affected"
23.91351667,89.42655,"8/10/2017","8/26/2017",2,"Monsoonal rain","Flood Affected"
24.05571667,89.2055,"8/10/2017","8/26/2017",2,"Monsoonal rain","Flood Affected"
24.05583333,89.20025,"8/10/2017","8/26/2017",2,"Monsoonal rain","Flood Affected"
24.05666667,89.2003,"8/10/2017","8/26/2017",2,"Monsoonal rain","Flood Affected"
24.05816667,89.20448333,"8/10/2017","8/26/2017",2,"Monsoonal rain","Flood Affected"
24.02633333,89.0671,"8/10/2017","8/26/2017",2,"Monsoonal rain","Flood Affected"
24.02905,89.07483333,"8/10/2017","8/26/2017",2,"Monsoonal rain","Flood Affected"
24.03028333,89.07505,"8/10/2017","8/26/2017",2,"Monsoonal rain","Flood Affected"
24.03031667,89.07993333,"8/10/2017","8/26/2017",2,"Monsoonal rain","Flood Affected"
24.0304,89.0778,"8/10/2017","8/26/2017",2,"Monsoonal rain","Flood Affected"
24.031,89.0739,"8/10/2017","8/26/2017",2,"Monsoonal rain","Flood Affected"
24.031,89.0739,"8/10/2017","8/26/2017",2,"Monsoonal rain","Flood Affected"
24.03296667,89.07411667,"8/10/2017","8/26/2017",2,"Monsoonal rain","Flood Affected"
24.0106,88.8135,"8/10/2017","8/26/2017",2,"Monsoonal rain","Flood Affected"
24.01198333,88.81431667,"8/10/2017","8/26/2017",2,"Monsoonal rain","Flood Affected"
24.27558333,88.81748333,"8/10/2017","8/26/2017",2,"Monsoonal rain","Flood Affected"
24.27636667,88.82091667,"8/10/2017","8/26/2017",2,"Monsoonal rain","Flood Affected"
24.27683333,88.83315,"8/10/2017","8/26/2017",2,"Monsoonal rain","Flood Affected"
24.27686667,88.82006667,"8/10/2017","8/26/2017",2,"Monsoonal rain","Flood Affected"
24.27831667,88.81783333,"8/10/2017","8/26/2017",2,"Monsoonal rain","Flood Affected"
24.27961667,88.81721667,"8/10/2017","8/26/2017",2,"Monsoonal rain","Flood Affected"
24.28063333,88.81743333,"8/10/2017","8/26/2017",2,"Monsoonal rain","Flood Affected"
24.50503333,88.37238333,"8/10/2017","8/26/2017",2,"Monsoonal rain","Flood Affected"
24.50526667,88.37245,"8/10/2017","8/26/2017",2,"Monsoonal rain","Flood Affected"
24.50558333,88.37223333,"8/10/2017","8/26/2017",2,"Monsoonal rain","Flood Affected"
24.50583333,88.36686667,"8/10/2017","8/26/2017",2,"Monsoonal rain","Flood Affected"
24.507,88.37185,"8/10/2017","8/26/2017",2,"Monsoonal rain","Flood Affected"
24.507,88.37181667,"8/10/2017","8/26/2017",2,"Monsoonal rain","Flood Affected"
24.50741667,88.37111667,"8/10/2017","8/26/2017",2,"Monsoonal rain","Flood Affected"
24.50776667,88.37156667,"8/10/2017","8/26/2017",2,"Monsoonal rain","Flood Affected"
24.50875,88.37105,"8/10/2017","8/26/2017",2,"Monsoonal rain","Flood Affected"
24.72066667,88.18353333,"8/10/2017","8/26/2017",2,"Monsoonal rain","Flood Affected"
24.72141667,88.18541667,"8/10/2017","8/26/2017",2,"Monsoonal rain","Flood Affected"
24.72258333,88.1871,"8/10/2017","8/26/2017",2,"Monsoonal rain","Flood Affected"
24.7227,88.18825,"8/10/2017","8/26/2017",2,"Monsoonal rain","Flood Affected"
24.7355,88.45046667,"8/10/2017","8/26/2017",2,"Monsoonal rain","Flood Affected"
24.73665,88.45968333,"8/10/2017","8/26/2017",2,"Monsoonal rain","Flood Affected"
24.73711667,88.45788333,"8/10/2017","8/26/2017",2,"Monsoonal rain","Flood Affected"
24.73758333,88.45576667,"8/10/2017","8/26/2017",2,"Monsoonal rain","Flood Affected"
24.7376,88.45623333,"8/10/2017","8/26/2017",2,"Monsoonal rain","Flood Affected"
24.73763333,88.45993333,"8/10/2017","8/26/2017",2,"Monsoonal rain","Flood Affected"
24.73915,88.45645,"8/10/2017","8/26/2017",2,"Monsoonal rain","Flood Affected"
24.74026667,88.45538333,"8/10/2017","8/26/2017",2,"Monsoonal rain","Flood Affected"
24.74113333,88.4565,"8/10/2017","8/26/2017",2,"Monsoonal rain","Flood Affected"
24.74133333,88.45538333,"8/10/2017","8/26/2017",2,"Monsoonal rain","Flood Affected"
24.74181667,88.45563333,"8/10/2017","8/26/2017",2,"Monsoonal rain","Flood Affected"
24.79016667,88.50058333,"8/10/2017","8/26/2017",2,"Monsoonal rain","Flood Affected"
24.7945,88.50963333,"8/10/2017","8/26/2017",2,"Monsoonal rain","Flood Affected"
24.79488333,88.50998333,"8/10/2017","8/26/2017",2,"Monsoonal rain","Flood Affected"
24.79711667,88.50918333,"8/10/2017","8/26/2017",2,"Monsoonal rain","Flood Affected"
24.79758333,88.50988333,"8/10/2017","8/26/2017",2,"Monsoonal rain","Flood Affected"
25.52366667,88.77181667,"8/10/2017","8/26/2017",2,"Monsoonal rain","Flood Affected"
25.5253,88.76438333,"8/10/2017","8/26/2017",2,"Monsoonal rain","Flood Affected"
25.52561667,88.7649,"8/10/2017","8/26/2017",2,"Monsoonal rain","Flood Affected"
25.52625,88.7654,"8/10/2017","8/26/2017",2,"Monsoonal rain","Flood Affected"
25.5281,88.76833333,"8/10/2017","8/26/2017",2,"Monsoonal rain","Flood Affected"
25.52851667,88.76741667,"8/10/2017","8/26/2017",2,"Monsoonal rain","Flood Affected"
25.5578,88.57941667,"8/10/2017","8/26/2017",2,"Monsoonal rain","Flood Affected"
25.55903333,88.57056667,"8/10/2017","8/26/2017",2,"Monsoonal rain","Flood Affected"
25.56003333,88.56951667,"8/10/2017","8/26/2017",2,"Monsoonal rain","Flood Affected"
25.56026667,88.57465,"8/10/2017","8/26/2017",2,"Monsoonal rain","Flood Affected"
25.56951667,88.54236667,"8/10/2017","8/26/2017",2,"Monsoonal rain","Flood Affected"
25.78168333,88.55673333,"8/10/2017","8/26/2017",2,"Monsoonal rain","Flood Affected"
25.78231667,88.55661667,"8/10/2017","8/26/2017",2,"Monsoonal rain","Flood Affected"
25.78751667,88.55803333,"8/10/2017","8/26/2017",2,"Monsoonal rain","Flood Affected"
25.78753333,88.5588,"8/10/2017","8/26/2017",2,"Monsoonal rain","Flood Affected"
25.78783333,88.5492,"8/10/2017","8/26/2017",2,"Monsoonal rain","Flood Affected"
25.78783333,88.54801667,"8/10/2017","8/26/2017",2,"Monsoonal rain","Flood Affected"
25.78786667,88.54788333,"8/10/2017","8/26/2017",2,"Monsoonal rain","Flood Affected"
25.95578333,88.25243333,"8/10/2017","8/26/2017",2,"Monsoonal rain","Flood Affected"
25.95618333,88.25375,"8/10/2017","8/26/2017",2,"Monsoonal rain","Flood Affected"
25.957,88.2501,"8/10/2017","8/26/2017",2,"Monsoonal rain","Flood Affected"
25.957,88.25008333,"8/10/2017","8/26/2017",2,"Monsoonal rain","Flood Affected"
25.95793333,88.25166667,"8/10/2017","8/26/2017",2,"Monsoonal rain","Flood Affected"
25.96231667,88.2513,"8/10/2017","8/26/2017",2,"Monsoonal rain","Flood Affected"
25.96256667,88.25551667,"8/10/2017","8/26/2017",2,"Monsoonal rain","Flood Affected"
26.1796,88.28223333,"8/10/2017","8/26/2017",2,"Monsoonal rain","Flood Affected"
26.18181667,88.26838333,"8/10/2017","8/26/2017",2,"Monsoonal rain","Flood Affected"
26.18368333,88.27926667,"8/10/2017","8/26/2017",2,"Monsoonal rain","Flood Affected"
26.185,88.28011667,"8/10/2017","8/26/2017",2,"Monsoonal rain","Flood Affected"
